1	0 0.923077	1 0.923077	9 0.925926	24 1	49 1	
51	0 0.870777	1 0.884368	9 0.927802	24 0.947198	49 0.953201	
101	0 0.879921	1 0.890421	9 0.931419	24 0.947056	49 0.95304	
151	0 0.883836	1 0.9	9 0.938342	24 0.952027	49 0.957168	
201	0 0.879821	1 0.89657	9 0.932839	24 0.947856	49 0.953883	
251	0 0.882887	1 0.900073	9 0.931768	24 0.947302	49 0.952701	
301	0 0.879792	1 0.898659	9 0.931576	24 0.947024	49 0.95296	
351	0 0.881058	1 0.89845	9 0.931607	24 0.945861	49 0.952111	
401	0 0.881322	1 0.899899	9 0.933227	24 0.947788	49 0.953686	
451	0 0.882368	1 0.901081	9 0.934022	24 0.94812	49 0.954137	
501	0 0.884226	1 0.902354	9 0.935502	24 0.948617	49 0.954733	
551	0 0.88481	1 0.903452	9 0.935928	24 0.948877	49 0.95563	
601	0 0.885542	1 0.905014	9 0.937497	24 0.949819	49 0.956362	
651	0 0.885745	1 0.905654	9 0.93809	24 0.951231	49 0.957568	
701	0 0.886079	1 0.906162	9 0.93833	24 0.951079	49 0.957837	
751	0 0.886525	1 0.906697	9 0.938722	24 0.951833	49 0.958292	
801	0 0.882795	1 0.904272	9 0.937562	24 0.950331	49 0.956921	
851	0 0.882826	1 0.904304	9 0.936929	24 0.94933	49 0.956211	
901	0 0.885812	1 0.9067	9 0.938976	24 0.950894	49 0.957636	
951	0 0.885988	1 0.906523	9 0.938625	24 0.950622	49 0.957859	
1001	0 0.887101	1 0.907407	9 0.939222	24 0.951219	49 0.958499	
1051	0 0.888188	1 0.907616	9 0.940166	24 0.952257	49 0.959264	
1101	0 0.887281	1 0.906753	9 0.939839	24 0.952327	49 0.959477	
1151	0 0.88635	1 0.90574	9 0.938739	24 0.951114	49 0.95838	
1201	0 0.887528	1 0.906487	9 0.939353	24 0.951602	49 0.958847	
1251	0 0.888809	1 0.907793	9 0.94012	24 0.952203	49 0.959339	
1301	0 0.88864	1 0.907636	9 0.939756	24 0.952092	49 0.959215	
0 0.88918	1 0.907723	9 0.939737	24 0.952044	49 0.959232	
