0	87.6817	141.341	90.0788
1	164.229	154.3	135.276
1	0 0.939394	
2	194.706	231.197	172.332
3	281.966	314.446	254.745
4	259.518	295.941	239.85
5	243.356	287.708	227.606
6	230.765	285.232	219.179
7	243.183	293.773	233.806
8	232.345	287.336	224.73
9	215.661	259.634	209.418
10	222.887	266.374	217.362
11	234.134	289.481	229.109
12	241.789	307.048	237.39
13	233.658	296.653	229.863
14	244.817	310.281	241.507
15	234.82	295.283	232.055
16	234.692	300.693	232.243
17	236.088	295.57	233.498
18	230.19	288.372	227.963
19	243.347	304.791	241.324
20	239.525	305.333	237.779
21	241.129	314.052	239.649
22	245.255	318.418	243.973
23	246.608	322.221	245.545
24	243.529	308.97	240.235
25	247.354	313.576	244.241
26	239.977	296.42	233.898
27	232.33	291.142	226.786
28	233.116	295.016	227.864
29	236.543	298.997	231.362
30	233.89	294.596	228.977
31	235.801	291.218	229.241
32	234.929	288.599	228.892
33	235.937	289.149	229.848
34	250.301	302.509	242.402
35	247.47	298.809	239.95
36	245.61	295.674	238.368
37	255.465	308.652	248.299
38	254.596	306.587	247.794
39	248.558	299.613	242.291
40	241.356	293.755	235.498
41	235.164	285.579	229.666
42	234.037	279.418	226.191
43	230.713	277.458	223.181
44	233.774	282.769	226.411
45	234.021	282.905	226.892
46	233.235	281.912	226.335
47	239.464	291.926	232.653
48	235.361	287.18	228.928
49	236.699	289.486	230.365
50	235.968	289.183	229.781
51	237.486	290.454	231.455
51	0 0.799015	
52	238.669	292.999	232.795
53	242.389	294.744	235.702
54	243.937	298.903	237.344
55	241.889	295.865	235.581
56	244.429	297.576	237.638
57	241.296	292.886	234.779
58	240.661	293.105	234.295
59	237.931	289.677	231.843
60	231.977	281.263	226.305
61	230.133	278.566	224.44
62	225.389	272.3	219.936
63	219.075	262.819	213.906
64	220.536	263.229	215.035
65	221.414	261.806	214.927
66	220.106	260.244	213.787
67	219.749	259.969	213.593
68	210.815	249.043	205.02
69	206.182	242.59	200.439
70	205.164	241.037	199.501
71	202.941	239.146	197.425
72	200.887	236.306	195.578
73	201.262	236.963	196.05
74	202.022	238.259	196.85
75	202.971	239.177	197.828
76	202.25	238.632	197.249
77	201.558	238.36	196.69
78	200.334	236.762	195.636
79	201.537	240.141	196.913
80	205.116	244.62	200.528
81	204.694	243.91	200.202
82	203.75	242.185	199.203
83	201.336	240.532	196.974
84	200.127	238.431	195.789
85	199.461	238.067	195.193
86	196.97	235.577	192.836
87	197.822	235.174	192.975
88	195.901	232.197	191.122
89	194.349	229.182	189.132
90	191.903	222.557	184.233
91	192.714	223.145	185.16
92	193.227	224.324	185.77
93	191.703	222.467	184.437
94	190.664	221.852	183.555
95	190.76	221.954	183.703
96	190.605	220.775	183.202
97	190.693	221.603	183.374
98	190.926	221.062	183.258
99	189.136	219.594	181.687
100	187.804	218.13	180.474
101	188.096	218.893	180.883
101	0 0.828571	
102	189.446	221.243	182.255
103	187.738	219.267	180.729
104	188.547	220.686	181.606
105	190.574	223.984	183.666
106	190.126	222.513	182.848
107	189.654	222.153	182.461
108	188.259	219.146	180.494
109	189.506	220.601	181.789
110	189.007	219.966	181.361
111	189.046	219.618	181.419
112	186.255	215.086	178.168
113	180.612	208.431	172.927
114	179.35	207.137	171.798
115	175.502	203.061	168.236
116	173.431	200.555	166.326
117	171.641	198.067	164.605
118	168.696	193.934	161.587
119	164.851	189.072	157.858
120	164.925	189.148	157.998
121	163.002	186.415	156.114
122	162.287	185.432	155.44
123	163.359	185.519	155.966
124	163.408	184.875	155.639
125	161.806	182.949	154.234
126	161.393	182.431	153.902
127	162.377	182.584	154.356
128	161.566	182.315	153.651
129	162.227	183.511	154.348
130	160.043	181.647	152.383
131	160.724	183.079	153.106
132	161.207	183.721	153.662
133	160.595	182.804	153.12
134	159.385	181.288	152.067
135	160.004	182.771	152.716
136	159.14	182.247	151.971
137	159.127	182.613	152.019
138	158.792	182.557	151.773
139	157.408	181.352	150.564
140	157.255	181.451	150.488
141	157.142	181.215	150.478
142	156.31	180.244	149.731
143	156.423	180.518	149.871
144	155.71	179.874	149.275
145	156.091	179.867	149.675
146	154.638	178.283	148.36
147	155.387	179.582	149.148
148	155.356	179.985	149.206
149	155.514	179.68	149.225
150	155.61	179.045	148.987
151	155.408	178.788	148.835
151	0 0.843779	
152	154.776	177.763	148.125
153	153.782	177.403	147.266
154	153.663	176.431	146.891
155	153.242	176.022	146.557
156	153.127	175.959	146.487
157	151.066	173.298	144.491
158	151.165	172.881	144.356
159	150.647	172.042	143.811
160	149.512	171.045	142.783
161	149.13	170.568	142.436
162	148.835	170.661	142.188
163	146.781	168.506	140.273
164	146.641	168.377	140.195
165	145.87	167.498	139.49
166	144.575	166.198	138.327
167	144.187	165.721	137.995
168	144.253	165.674	138.093
169	143.108	164.144	136.958
170	143.137	164.251	137.008
171	140.017	159.589	133.367
172	140.902	160.797	134.243
173	142.002	161.932	135.339
174	142.421	161.419	135.103
175	142.493	161.779	135.199
176	142.936	162.513	135.684
177	142.964	162.526	135.771
178	142.76	162.385	135.604
179	142.944	162.562	135.777
180	143.191	163.012	136.039
181	143.829	163.841	136.689
182	143.702	163.633	136.576
183	143.847	163.912	136.75
184	143.808	163.846	136.727
185	144.545	164.262	137.258
186	143.971	163.677	136.782
187	143.851	163.632	136.716
188	143.949	163.852	136.835
189	144.121	163.941	136.996
190	144.324	164.212	137.208
191	143.744	163.308	136.649
192	144.5	164.375	137.418
193	145.669	165.619	138.602
194	146.008	165.912	138.936
195	145.789	165.633	138.763
196	145.866	165.655	138.85
197	145.908	165.812	138.928
198	146.528	166.53	139.559
199	146.519	166.606	139.575
200	146.457	166.666	139.552
201	146.121	166.23	139.27
201	0 0.838329	
202	146.641	166.659	139.759
203	146.381	166.171	139.533
204	147.129	167.184	140.291
205	147.182	167.236	140.365
206	146.822	166.716	140.008
207	147.849	167.849	141.058
208	148.245	168.313	141.469
209	148.259	168.326	141.545
210	148.575	168.776	141.886
211	149.052	169.408	142.374
212	149.5	169.941	142.829
213	149.375	169.964	142.772
214	150.265	171.061	143.684
215	151.056	172.168	144.476
216	150.912	172.285	144.387
217	151.793	173.458	145.273
218	151.137	172.237	144.459
219	150.966	172.203	144.328
220	150.154	171.167	143.587
221	149.545	170.357	142.996
222	148.36	168.75	141.807
223	147.58	167.893	141.111
224	147.145	167.019	140.474
225	146.809	166.329	140.062
226	146.766	166.207	140.051
227	147.238	166.898	140.546
228	144.61	163.724	138.055
229	143.359	162.591	136.904
230	142.69	161.733	136.253
231	140.455	158.817	133.956
232	140.103	158.34	133.606
233	140.122	158.333	133.648
234	141.503	159.94	135.039
235	142.297	161.022	135.83
236	142.767	161.78	136.302
237	142.99	162.293	136.554
238	143.384	162.928	136.96
239	143.347	163.122	136.967
240	143.381	163.25	137.037
241	144.165	164.241	137.866
242	144.062	164.047	137.742
243	144.817	165.079	138.498
244	144.6	164.801	138.32
245	144.596	165.017	138.343
246	144.986	165.427	138.767
247	145.525	166.355	139.31
248	145.861	166.654	139.66
249	145.879	166.627	139.703
250	145.796	166.457	139.623
251	145.722	166.488	139.581
251	0 0.832225	
252	145.843	166.504	139.681
253	145.554	165.851	139.352
254	145.133	165.476	138.984
255	145.406	165.724	139.262
256	145.428	165.823	139.322
257	145.551	166.105	139.48
258	146.075	166.8	140.019
259	147.147	168.397	141.092
260	148.037	169.686	141.995
261	148.182	169.834	142.168
262	148.321	170.084	142.328
263	148.839	171.427	142.869
264	149.043	171.759	143.086
265	148.828	171.456	142.882
266	149.222	171.849	143.29
267	149.675	172.454	143.751
268	149.221	172.107	143.348
269	148.836	171.628	143.005
270	148.991	172.056	143.189
271	150.119	173.299	144.299
272	150.144	173.687	144.353
273	149.982	173.416	144.204
274	150.154	173.681	144.389
275	149.82	173.19	144.059
276	149.538	172.815	143.796
277	149.68	173.052	143.945
278	149.526	173.045	143.827
279	149.431	173.042	143.754
280	149.517	173.228	143.867
281	149.415	173.327	143.8
282	149.143	173.052	143.556
283	149.07	172.88	143.447
284	149.011	172.583	143.334
285	148.915	172.271	143.118
286	148.904	172.369	143.125
287	148.761	171.907	142.843
288	148.689	171.877	142.79
289	148.441	171.761	142.581
290	148.696	172.236	142.86
291	148.543	172.238	142.737
292	148.38	171.64	142.381
293	149.137	172.105	142.867
294	149.164	172.207	142.92
295	149.129	172.196	142.919
296	149.047	172.253	142.874
297	149.331	172.827	143.174
298	149.687	173.333	143.537
299	150.047	173.873	143.915
300	149.543	173.453	143.466
301	149.51	173.375	143.463
301	0 0.835723	
302	149.529	173.675	143.508
303	149.68	174.044	143.682
304	149.774	174.325	143.805
305	149.963	174.55	144.006
306	150.341	175.305	144.404
307	150.547	175.85	144.63
308	150.477	175.884	144.58
309	150.259	175.206	144.118
310	150.264	175.547	144.148
311	150.573	175.953	144.47
312	150.464	175.876	144.387
313	150.097	174.93	143.704
314	149.887	174.438	143.394
315	150.181	174.686	143.694
316	150.064	174.626	143.595
317	150.136	174.743	143.677
318	150.303	175.083	143.857
319	150.346	175.326	143.919
320	150.467	175.461	144.061
321	150.409	175.448	144.035
322	150.153	175.491	143.816
323	150.221	175.396	143.797
324	150.244	175.622	143.84
325	150.352	175.738	143.957
326	150.365	175.904	143.994
327	150.372	176.358	144.026
328	150.955	177.021	144.612
329	151.134	177.084	144.759
330	151.583	177.643	145.207
331	151.694	177.857	145.328
332	151.701	177.998	145.351
333	152.097	178.535	145.75
334	152.23	178.688	145.909
335	152.162	178.834	145.875
336	152.301	179.082	146.032
337	152.12	178.904	145.886
338	152.18	178.947	145.956
339	152.16	178.915	145.946
340	152.174	178.981	145.97
341	151.887	178.716	145.714
342	151.805	178.726	145.658
343	151.744	178.654	145.612
344	151.895	179.108	145.778
345	151.516	178.784	145.433
346	151.314	178.56	145.268
347	151.304	178.61	145.287
348	151.455	178.401	145.234
349	151.428	178.406	145.222
350	151.692	178.869	145.499
351	151.776	179.05	145.604
351	0 0.838968	
352	151.473	178.903	145.344
353	152.364	179.894	146.222
354	152.217	179.561	146.049
355	152.398	179.734	146.248
356	152.315	179.843	146.182
357	152.068	179.72	145.971
358	151.887	179.413	145.815
359	152.097	179.903	146.035
360	151.946	179.663	145.87
361	151.932	179.658	145.881
362	151.822	179.465	145.799
363	151.671	179.394	145.688
364	151.526	179.236	145.559
365	151.591	179.314	145.633
366	152.074	179.866	146.119
367	152.098	179.913	146.155
368	152.833	180.789	146.886
369	152.755	180.811	146.83
370	152.979	181.033	147.057
371	153.248	181.23	147.312
372	153.854	182.169	147.919
373	154.927	183.355	148.99
374	154.782	183.131	148.841
375	155.001	183.293	149.081
376	155.007	183.266	149.104
377	155.11	183.479	149.218
378	154.961	183.162	149.039
379	154.912	183.432	149.02
380	155.139	183.517	149.218
381	155.126	183.64	149.22
382	155.621	183.949	149.607
383	156.913	185.355	150.904
384	156.896	185.574	150.906
385	156.991	185.979	151.028
386	157.076	186.245	151.127
387	157.401	186.595	151.454
388	157.706	187.096	151.769
389	157.391	186.826	151.494
390	157.499	187.117	151.62
391	157.475	187.123	151.609
392	157.453	187.149	151.6
393	157.964	187.514	152.07
394	158.529	188.13	152.646
395	157.916	187.548	152.088
396	158.024	187.684	152.204
397	158.503	188.293	152.686
398	158.861	188.907	153.051
399	158.817	189.17	153.025
400	159.309	189.723	153.517
401	159.487	190.045	153.707
401	0 0.828699	
402	160.39	190.96	154.618
403	160.879	191.473	155.111
404	160.944	191.601	155.184
405	161.231	191.852	155.461
406	161.115	191.637	155.366
407	161.117	191.655	155.378
408	161.316	191.351	155.32
409	161.382	191.452	155.393
410	161.467	191.529	155.49
411	161.644	191.773	155.675
412	161.882	192.275	155.941
413	161.824	192.303	155.901
414	162.726	193.423	156.799
415	162.308	193.208	156.415
416	162.713	193.719	156.833
417	163.029	194.016	157.146
418	163.261	194.458	157.383
419	162.979	194.175	157.126
420	163.47	194.768	157.619
421	163.668	195.026	157.828
422	163.885	195.383	158.058
423	163.979	195.529	158.166
424	163.965	195.531	158.167
425	163.993	195.85	158.208
426	164.504	196.405	158.716
427	164.714	196.672	158.937
428	164.661	196.699	158.91
429	164.737	196.779	158.993
430	164.653	196.819	158.925
431	164.587	196.88	158.88
432	164.373	196.533	158.688
433	163.926	195.963	158.279
434	163.477	195.403	157.87
435	163.424	195.55	157.842
436	163.268	195.327	157.69
437	163.254	195.082	157.651
438	163.032	194.795	157.457
439	162.754	194.429	157.214
440	163.174	194.787	157.62
441	163.128	194.816	157.594
442	163.118	194.736	157.588
443	162.994	194.614	157.485
444	162.893	194.436	157.385
445	162.827	194.426	157.336
446	162.725	194.389	157.255
447	162.555	194.173	157.102
448	162.625	194.18	157.145
449	162.587	194.349	157.133
450	162.594	194.358	157.149
451	162.174	194.004	156.763
451	0 0.82183	
452	162.134	194.266	156.744
453	162.047	194.226	156.67
454	162.102	194.264	156.743
455	161.647	193.701	156.324
456	161.736	193.923	156.429
457	162.076	194.199	156.749
458	161.665	193.461	156.24
459	161.758	193.72	156.35
460	161.772	193.698	156.38
461	161.619	193.458	156.247
462	162.554	194.337	157.094
463	162.157	193.902	156.73
464	162.143	193.654	156.618
465	162.251	193.877	156.743
466	162.103	193.737	156.618
467	162.522	194.299	157.038
468	162.165	193.895	156.712
469	162.015	193.669	156.567
470	161.612	193.243	156.193
471	161.669	193.381	156.259
472	161.609	193.242	156.214
473	161.477	193.007	156.066
474	161.339	192.781	155.945
475	161.309	192.792	155.926
476	161.098	192.597	155.732
477	161.297	192.703	155.929
478	161.333	192.645	155.942
479	161.3	192.617	155.927
480	161.19	192.636	155.84
481	161.037	192.492	155.704
482	161.094	192.676	155.776
483	161.224	192.855	155.912
484	161.062	192.776	155.773
485	160.982	192.42	155.612
486	161.116	192.606	155.758
487	161.123	192.581	155.767
488	160.812	192.247	155.485
489	161.027	192.667	155.709
490	161.056	192.753	155.756
491	161.386	193.042	156.097
492	161.448	193.167	156.177
493	161.401	193.185	156.141
494	161.401	192.986	156.076
495	160.912	192.789	155.632
496	160.75	192.61	155.486
497	160.811	192.712	155.563
498	160.798	192.577	155.498
499	160.996	192.771	155.707
500	160.833	192.414	155.528
501	160.803	192.419	155.519
501	0 0.823584	
502	160.792	192.489	155.529
503	160.817	192.579	155.561
504	160.602	192.463	155.37
505	160.348	192.11	155.134
506	160.067	191.837	154.872
507	160.543	192.522	155.352
508	160.412	192.296	155.243
509	160.179	191.981	155.031
510	160.049	191.922	154.916
511	159.852	191.704	154.741
512	159.815	191.593	154.701
513	159.644	191.385	154.559
514	159.477	191.392	154.415
515	159.59	191.513	154.527
516	159.583	191.605	154.53
517	159.767	191.962	154.724
518	159.768	191.898	154.73
519	159.766	191.923	154.743
520	159.749	191.915	154.738
521	159.566	191.795	154.574
522	159.467	191.624	154.498
523	159.576	191.716	154.615
524	159.959	192.244	155.002
525	159.982	192.346	155.034
526	160.34	192.754	155.384
527	160.318	192.661	155.36
528	160.532	192.833	155.574
529	160.42	192.757	155.48
530	160.157	192.494	155.243
531	159.938	192.314	155.048
532	159.975	192.363	155.101
533	159.997	192.54	155.132
534	160.093	192.621	155.225
535	160.553	193.164	155.682
536	160.362	192.712	155.382
537	160.232	192.541	155.257
538	160.253	192.532	155.274
539	160.068	192.371	155.108
540	159.975	192.276	155.038
541	159.928	192.368	155.004
542	159.644	192.144	154.738
543	159.636	192.428	154.741
544	159.695	192.613	154.81
545	159.513	192.404	154.646
546	159.305	192.192	154.458
547	159.182	192.122	154.347
548	158.932	191.829	154.123
549	158.961	192.094	154.166
550	159.057	192.134	154.255
551	159.055	192.13	154.261
551	0 0.826996	
552	159.048	192.133	154.263
553	159.107	192.206	154.333
554	159.312	192.632	154.552
555	159.238	192.549	154.5
556	159.304	192.728	154.572
557	159.011	192.466	154.3
558	158.886	192.489	154.195
559	158.989	192.653	154.31
560	158.859	192.591	154.199
561	158.847	192.615	154.204
562	158.731	192.421	154.101
563	158.75	192.434	154.128
564	158.66	192.151	153.989
565	158.58	191.931	153.874
566	158.577	192.004	153.879
567	158.515	191.978	153.827
568	158.361	191.908	153.692
569	158.463	192.073	153.798
570	158.476	192.115	153.818
571	158.253	191.826	153.611
572	158.037	191.517	153.418
573	157.996	191.608	153.388
574	157.71	191.203	153.117
575	157.544	191.052	152.964
576	157.511	190.988	152.935
577	157.523	191.026	152.955
578	157.409	190.89	152.855
579	157.405	190.958	152.86
580	157.082	190.018	152.161
581	156.496	188.799	151.252
582	156.311	188.26	150.857
583	155.543	186.866	149.813
584	155.355	186.362	149.447
585	154.658	184.972	148.405
586	155.042	185.391	148.792
587	155.143	185.436	148.898
588	155.15	185.512	148.922
589	155.11	185.518	148.895
590	155.229	185.738	149.029
591	155.437	186.226	149.242
592	155.465	186.323	149.277
593	155.5	186.309	149.322
594	155.504	186.433	149.338
595	155.806	186.813	149.645
596	155.854	186.833	149.693
597	155.836	186.749	149.663
598	155.804	186.881	149.647
599	155.89	186.959	149.738
600	155.705	186.878	149.576
601	155.392	186.504	149.29
601	0 0.829952	
602	155.22	186.23	149.111
603	155.119	185.983	148.985
604	154.951	185.826	148.836
605	154.439	184.919	148.177
606	154.352	184.468	147.857
607	153.938	183.805	147.381
608	153.67	183.289	147.026
609	153.706	183.055	146.883
610	153.546	182.851	146.74
611	153.155	182.363	146.389
612	153.031	182.192	146.284
613	152.851	181.942	146.111
614	152.592	181.714	145.88
615	152.56	181.764	145.861
616	152.437	181.662	145.761
617	152.237	181.358	145.576
618	152.114	181.19	145.467
619	151.803	180.802	145.191
620	151.544	180.46	144.954
621	151.493	180.345	144.902
622	151.523	180.124	144.789
623	151.719	180.134	144.857
624	151.614	179.965	144.75
625	151.72	179.983	144.824
626	151.627	179.771	144.725
627	151.353	179.404	144.466
628	150.838	178.716	143.969
629	149.864	177.373	142.972
630	149.674	177.111	142.796
631	149.205	176.504	142.344
632	149.333	176.822	142.477
633	148.93	176.249	142.085
634	148.012	175.037	141.183
635	147.776	174.779	140.971
636	147.598	174.587	140.822
637	147.704	174.667	140.938
638	147.489	174.292	140.685
639	147.243	173.878	140.412
640	146.933	173.467	140.124
641	146.946	173.568	140.148
642	146.753	173.367	139.975
643	146.569	173.257	139.815
644	146.097	172.679	139.376
645	146.185	172.707	139.426
646	146.031	172.606	139.293
647	146.008	172.426	139.213
648	145.962	172.374	139.178
649	146.064	172.51	139.285
650	145.95	172.401	139.193
651	145.885	172.223	139.107
651	0 0.834717	
652	146.095	172.411	139.327
653	146.083	172.345	139.327
654	146.235	172.576	139.489
655	146.112	172.374	139.385
656	146.357	172.733	139.641
657	146.16	172.552	139.469
658	145.947	172.347	139.274
659	145.901	172.248	139.246
660	145.857	172.168	139.207
661	145.934	172.271	139.288
662	145.792	172.125	139.163
663	145.69	172.074	139.075
664	145.502	171.841	138.911
665	146.022	172.413	139.431
666	146.062	172.491	139.478
667	145.968	172.381	139.398
668	145.935	172.458	139.381
669	145.838	172.353	139.301
670	145.792	172.393	139.268
671	145.908	172.607	139.398
672	145.958	172.77	139.465
673	145.659	172.545	139.198
674	145.697	172.543	139.22
675	145.697	172.239	139.056
676	145.6	172.179	138.974
677	145.615	172.204	138.995
678	145.805	172.432	139.188
679	145.734	172.485	139.131
680	145.702	172.379	139.094
681	145.523	172.095	138.91
682	145.631	172.151	139.007
683	145.545	172.039	138.93
684	145.412	171.821	138.787
685	145.27	171.654	138.662
686	145.16	171.426	138.528
687	145.043	171.117	138.356
688	145.067	171.135	138.383
689	145.159	171.249	138.482
690	145.095	171.109	138.399
691	145.211	171.267	138.518
692	144.988	171.049	138.318
693	144.852	170.887	138.2
694	145.008	171.011	138.359
695	144.945	170.947	138.315
696	144.88	170.984	138.264
697	144.701	170.286	137.796
698	144.707	170.295	137.808
699	145.047	170.571	138.106
700	145.089	170.536	138.134
701	145.304	170.723	138.344
701	0 0.834208	
702	145.321	170.66	138.356
703	145.338	170.663	138.375
704	145.345	170.666	138.395
705	145.374	170.718	138.432
706	145.455	170.777	138.515
707	145.436	170.678	138.457
708	145.427	170.722	138.462
709	145.444	170.803	138.489
710	145.445	170.888	138.499
711	145.467	170.766	138.441
712	145.401	170.667	138.392
713	145.833	171.295	138.822
714	146.06	171.654	139.05
715	146.173	171.903	139.167
716	146.236	172.008	139.236
717	146.209	172.125	139.227
718	146.28	172.187	139.309
719	146.319	172.288	139.367
720	146.377	172.255	139.387
721	146.502	172.337	139.527
722	146.653	172.374	139.623
723	146.625	172.336	139.603
724	146.854	172.648	139.837
725	147.088	172.927	140.073
726	147.356	173.364	140.344
727	147.363	173.512	140.367
728	147.341	173.432	140.337
729	147.335	173.523	140.346
730	147.31	173.496	140.33
731	147.364	173.688	140.396
732	147.387	173.588	140.37
733	147.227	173.358	140.226
734	147.199	173.423	140.217
735	147.28	173.652	140.31
736	147.41	173.774	140.451
737	147.519	173.91	140.577
738	147.533	173.978	140.599
739	147.421	173.902	140.51
740	147.542	174.182	140.639
741	147.616	174.291	140.718
742	147.676	174.345	140.795
743	147.458	174.25	140.607
744	147.671	174.506	140.826
745	147.603	174.455	140.772
746	147.861	174.88	141.032
747	147.745	174.806	140.935
748	147.576	174.482	140.738
749	147.491	174.475	140.666
750	147.466	174.508	140.65
751	147.404	174.295	140.536
751	0 0.836367	
752	147.326	174.154	140.469
753	147.618	174.458	140.761
754	147.363	174.184	140.535
755	147.181	174.054	140.381
756	147.281	174.13	140.49
757	147.341	174.275	140.555
758	147.338	174.269	140.561
759	147.158	173.945	140.365
760	146.873	173.462	140.034
761	146.672	173.264	139.857
762	146.605	173.089	139.734
763	146.625	173.167	139.764
764	146.433	173.003	139.589
765	146.042	172.302	139.101
766	145.887	172.115	138.963
767	145.877	172.048	138.943
768	145.395	171.376	138.453
769	144.93	170.707	137.97
770	144.687	170.402	137.747
771	144.37	169.863	137.361
772	144.213	169.442	137.074
773	144.208	169.294	136.986
774	143.996	168.91	136.72
775	143.906	168.793	136.645
776	144.137	168.935	136.809
777	144.072	168.769	136.691
778	144.206	168.981	136.826
779	144.26	169.058	136.887
780	144.378	169.19	137.007
781	144.388	169.229	137.03
782	144.435	169.316	137.087
783	144.675	169.628	137.327
784	144.676	169.663	137.332
785	144.528	169.596	137.206
786	144.534	169.691	137.226
787	144.646	169.839	137.338
788	144.8	170.051	137.497
789	144.847	170.114	137.547
790	144.882	170.223	137.592
791	144.977	170.394	137.702
792	144.926	170.374	137.662
793	145.093	170.603	137.841
794	144.923	170.338	137.691
795	144.94	170.366	137.724
796	144.9	170.272	137.682
797	145.133	170.556	137.921
798	144.853	170.233	137.668
799	144.778	170.152	137.603
800	144.699	170.118	137.542
801	144.93	170.428	137.778
801	0 0.838661	
802	144.958	170.474	137.814
803	144.997	170.519	137.864
804	145.029	170.586	137.911
805	144.947	170.526	137.843
806	144.92	170.437	137.813
807	144.845	170.399	137.752
808	144.805	170.33	137.729
809	144.744	170.331	137.687
810	144.714	170.205	137.651
811	144.699	170.215	137.648
812	144.577	169.957	137.485
813	144.551	169.879	137.466
814	144.496	169.779	137.42
815	144.41	169.72	137.35
816	144.46	169.779	137.407
817	144.477	169.583	137.319
818	144.315	169.355	137.167
819	144.296	169.407	137.156
820	144.192	169.228	137.046
821	144.109	169.089	136.96
822	144.089	169.002	136.916
823	144.066	168.806	136.796
824	144.041	168.809	136.783
825	144.068	168.846	136.818
826	143.907	168.707	136.675
827	143.712	168.466	136.507
828	143.771	168.692	136.576
829	143.82	168.752	136.631
830	143.878	168.876	136.701
831	143.853	168.832	136.688
832	143.987	168.961	136.817
833	143.931	169.015	136.775
834	143.905	169.042	136.761
835	143.889	169.043	136.753
836	143.838	168.961	136.713
837	143.889	168.999	136.769
838	143.927	169.109	136.816
839	144.024	169.17	136.906
840	143.934	168.988	136.814
841	143.949	169.016	136.837
842	143.886	168.963	136.787
843	143.886	168.978	136.794
844	143.966	169.097	136.88
845	144.088	169.271	137.005
846	144.018	169.193	136.947
847	143.881	168.861	136.728
848	143.796	168.749	136.652
849	143.71	168.651	136.577
850	143.594	168.436	136.447
851	143.587	168.446	136.452
851	0 0.839521	
852	143.466	168.318	136.344
853	143.51	168.487	136.396
854	143.487	168.493	136.383
855	143.362	168.365	136.273
856	143.238	168.314	136.164
857	143.153	168.138	136.052
858	143.176	168.171	136.081
859	143.18	168.186	136.097
860	143.086	168.01	136.001
861	142.844	167.662	135.775
862	142.868	167.601	135.757
863	142.73	167.419	135.637
864	142.714	167.422	135.626
865	142.734	167.464	135.656
866	142.641	167.385	135.577
867	142.563	167.303	135.51
868	142.54	167.309	135.495
869	142.515	167.291	135.483
870	142.359	167.053	135.326
871	142.373	167.055	135.339
872	142.197	166.829	135.179
873	142.213	166.801	135.193
874	142.009	166.655	135.014
875	142.021	166.632	135.036
876	141.777	166.325	134.817
877	141.669	166.168	134.715
878	141.813	166.264	134.828
879	141.943	166.46	134.958
880	142.007	166.498	135.018
881	141.79	166.212	134.826
882	141.719	166.055	134.721
883	141.738	166.031	134.729
884	141.881	166.201	134.875
885	141.908	166.261	134.908
886	141.755	166.05	134.772
887	141.745	166.047	134.769
888	141.725	166.051	134.757
889	141.802	166.104	134.835
890	141.821	166.115	134.859
891	141.897	166.191	134.938
892	141.923	166.14	134.935
893	141.887	166.051	134.895
894	141.998	166.224	135.008
895	141.975	166.153	134.977
896	142.242	166.327	135.182
897	142.364	166.454	135.308
898	142.561	166.707	135.511
899	142.571	166.75	135.531
900	142.597	166.829	135.565
901	142.582	166.762	135.551
901	0 0.841674	
902	142.46	166.615	135.45
903	142.39	166.461	135.354
904	142.496	166.619	135.464
905	142.534	166.656	135.503
906	142.567	166.557	135.475
907	142.469	166.448	135.391
908	142.458	166.551	135.389
909	142.356	166.415	135.291
910	142.293	166.248	135.187
911	142.388	166.29	135.265
912	142.193	166.049	135.085
913	142.043	165.827	134.929
914	141.968	165.795	134.864
915	141.569	165.014	134.269
916	141.68	165.194	134.384
917	141.555	165.043	134.274
918	141.544	165.061	134.274
919	141.537	165.095	134.279
920	141.475	165.026	134.225
921	141.498	165.061	134.256
922	141.517	165.069	134.278
923	141.518	165.141	134.288
924	141.645	165.255	134.407
925	141.63	165.209	134.391
926	141.614	165.183	134.38
927	141.517	165.128	134.298
928	141.572	165.144	134.342
929	141.694	165.337	134.467
930	141.906	165.525	134.664
931	141.95	165.611	134.713
932	141.914	165.564	134.687
933	141.928	165.578	134.71
934	141.919	165.54	134.705
935	141.859	165.428	134.65
936	142.115	165.844	134.905
937	142.119	165.829	134.917
938	142.052	165.806	134.867
939	142.089	165.9	134.911
940	141.968	165.785	134.808
941	141.928	165.768	134.781
942	141.888	165.701	134.752
943	141.747	165.551	134.629
944	141.705	165.541	134.595
945	141.612	165.399	134.512
946	141.529	165.331	134.444
947	141.446	165.271	134.373
948	141.419	165.211	134.348
949	141.483	165.295	134.414
950	141.484	165.275	134.425
951	141.723	165.512	134.662
951	0 0.842935	
952	141.671	165.444	134.619
953	141.793	165.565	134.737
954	141.75	165.528	134.702
955	141.747	165.586	134.71
956	141.635	165.365	134.585
957	141.618	165.393	134.574
958	141.693	165.578	134.659
959	141.558	165.352	134.511
960	141.506	165.277	134.46
961	141.223	164.956	134.202
962	141.135	164.873	134.126
963	141.178	164.981	134.176
964	141.128	164.954	134.139
965	141.028	164.85	134.051
966	141.057	164.925	134.084
967	141.041	164.883	134.079
968	140.977	164.856	134.025
969	140.879	164.741	133.939
970	140.871	164.728	133.937
971	140.867	164.679	133.944
972	140.771	164.588	133.862
973	140.696	164.542	133.799
974	140.743	164.585	133.848
975	140.906	164.932	134.012
976	141.011	165.048	134.123
977	141.05	165.053	134.147
978	141.147	165.261	134.252
979	141.198	165.321	134.307
980	141.14	165.278	134.266
981	141.123	165.284	134.259
982	140.93	165.093	134.091
983	140.993	165.182	134.161
984	140.886	165.046	134.068
985	140.869	165.044	134.063
986	140.722	164.835	133.929
987	140.134	164.088	133.368
988	139.662	163.435	132.874
989	139.21	162.814	132.407
990	138.773	162.215	131.957
991	138.669	162.106	131.87
992	138.656	162.032	131.84
993	138.517	161.884	131.716
994	138.308	161.474	131.419
995	138.289	161.407	131.378
996	138.002	161.101	131.117
997	137.47	160.325	130.531
998	137.453	160.348	130.522
999	137.182	159.911	130.223
1000	137.201	159.836	130.206
1001	136.98	159.566	130.006
1001	0 0.844587	
1002	136.698	159.139	129.712
1003	136.621	159.064	129.649
1004	136.339	158.662	129.353
1005	136.397	158.649	129.385
1006	136.408	158.688	129.4
1007	136.34	158.568	129.326
1008	136.368	158.598	129.358
1009	136.14	158.365	129.148
1010	135.532	157.593	128.562
1011	135.271	157.263	128.313
1012	135.484	157.467	128.522
1013	135.467	157.393	128.502
1014	135.369	157.347	128.424
1015	135.399	157.345	128.46
1016	135.367	157.324	128.439
1017	135.321	157.245	128.388
1018	135.34	157.259	128.407
1019	135.422	157.389	128.493
1020	135.635	157.502	128.679
1021	135.673	157.54	128.723
1022	135.721	157.591	128.777
1023	135.767	157.701	128.829
1024	135.799	157.72	128.862
1025	135.867	157.722	128.897
1026	136.125	157.985	129.152
1027	136.143	157.994	129.167
1028	136.156	158	129.179
1029	136.454	158.369	129.478
1030	136.393	158.286	129.425
1031	136.479	158.351	129.507
1032	136.488	158.41	129.522
1033	136.518	158.497	129.56
1034	136.648	158.652	129.693
1035	136.909	158.868	129.955
1036	136.944	158.935	129.995
1037	137.125	159.171	130.179
1038	137.222	159.331	130.279
1039	137.25	159.428	130.313
1040	137.426	159.632	130.495
1041	137.52	159.781	130.598
1042	137.659	159.931	130.749
1043	137.68	159.977	130.775
1044	137.754	160.093	130.849
1045	137.747	160.073	130.843
1046	137.806	160.087	130.892
1047	137.801	160.065	130.887
1048	137.83	160.09	130.918
1049	137.857	160.162	130.95
1050	137.908	160.247	131.003
1051	137.877	160.197	130.971
1051	0 0.838408	
1052	137.847	160.148	130.939
1053	137.927	160.217	131.02
1054	137.997	160.281	131.093
1055	137.965	160.281	131.068
1056	138.034	160.327	131.14
1057	137.979	160.216	131.063
1058	137.884	160.214	130.981
1059	137.692	160.041	130.809
1060	137.761	160.021	130.818
1061	137.775	160.032	130.84
1062	137.853	160.082	130.909
1063	137.926	160.19	130.988
1064	137.946	160.315	131.017
1065	137.876	160.22	130.95
1066	137.861	160.181	130.939
1067	137.902	160.246	130.985
1068	137.985	160.378	131.072
1069	138.033	160.474	131.123
1070	138.066	160.512	131.156
1071	138.16	160.643	131.251
1072	138.175	160.692	131.273
1073	138.14	160.692	131.247
1074	138.144	160.753	131.258
1075	138.309	160.902	131.405
1076	138.376	161.07	131.478
1077	138.324	161.052	131.434
1078	138.311	161.068	131.426
1079	138.309	161.079	131.427
1080	138.254	161.045	131.38
1081	138.225	161.044	131.358
1082	138.195	161.003	131.333
1083	138.119	160.861	131.249
1084	138.288	161.038	131.42
1085	138.319	161.046	131.455
1086	138.351	161.095	131.49
1087	138.401	161.168	131.547
1088	138.442	161.272	131.598
1089	138.579	161.457	131.735
1090	138.562	161.419	131.715
1091	138.544	161.425	131.707
1092	138.603	161.531	131.769
1093	138.575	161.455	131.741
1094	138.55	161.418	131.728
1095	138.571	161.434	131.754
1096	138.689	161.538	131.879
1097	138.603	161.453	131.802
1098	138.632	161.483	131.832
1099	138.73	161.684	131.935
1100	138.757	161.714	131.963
1101	138.797	161.76	132.004
1101	0 0.838952	
1102	138.791	161.802	132.007
1103	139.093	162.099	132.296
1104	139.224	162.282	132.431
1105	139.249	162.335	132.464
1106	139.241	162.343	132.462
1107	139.183	162.313	132.415
1108	139.185	162.337	132.423
1109	138.973	162.055	132.228
1110	138.774	161.91	132.049
1111	138.747	161.908	132.03
1112	138.788	162.001	132.079
1113	138.792	162.028	132.09
1114	138.838	162.202	132.145
1115	138.89	162.258	132.202
1116	138.872	162.344	132.189
1117	138.988	162.477	132.303
1118	138.966	162.477	132.289
1119	138.917	162.483	132.25
1120	138.937	162.513	132.275
1121	139.069	162.683	132.409
1122	139.068	162.689	132.418
1123	139.033	162.644	132.388
1124	139.152	162.782	132.51
1125	139.339	162.964	132.685
1126	139.462	163.043	132.794
1127	139.445	163.054	132.783
1128	139.311	162.863	132.661
1129	139.473	163.024	132.815
1130	139.419	162.938	132.757
1131	139.388	162.873	132.723
1132	139.344	162.795	132.678
1133	139.377	162.819	132.713
1134	139.477	162.888	132.789
1135	139.529	162.973	132.848
1136	139.483	162.862	132.787
1137	139.453	162.831	132.767
1138	139.416	162.757	132.735
1139	139.291	162.635	132.628
1140	139.258	162.495	132.549
1141	139.222	162.483	132.52
1142	139.39	162.72	132.685
1143	139.385	162.751	132.686
1144	139.461	162.796	132.77
1145	139.572	162.794	132.799
1146	139.59	162.775	132.814
1147	139.566	162.718	132.801
1148	139.564	162.575	132.716
1149	139.782	162.85	132.934
1150	139.96	163.13	133.115
1151	140.048	163.243	133.212
1151	0 0.839177	
1152	140.057	163.275	133.224
1153	140.177	163.475	133.349
1154	140.226	163.564	133.4
1155	140.35	163.691	133.529
1156	140.387	163.73	133.567
1157	140.366	163.702	133.55
1158	140.409	163.765	133.595
1159	140.405	163.7	133.562
1160	140.392	163.669	133.558
1161	140.509	163.794	133.68
1162	140.493	163.851	133.67
1163	140.441	163.784	133.629
1164	140.431	163.814	133.624
1165	140.458	163.847	133.656
1166	140.444	163.843	133.647
1167	140.475	163.884	133.687
1168	140.468	163.8	133.633
1169	140.56	163.953	133.728
1170	140.641	164	133.79
1171	140.613	163.958	133.767
1172	140.562	163.937	133.726
1173	140.58	163.943	133.74
1174	140.744	164.131	133.899
1175	140.764	164.177	133.921
1176	140.881	164.245	134.011
1177	140.875	164.265	134.013
1178	140.874	164.361	134.022
1179	140.871	164.331	134.022
1180	140.926	164.4	134.086
1181	140.804	164.257	133.975
1182	140.857	164.324	134.031
1183	140.882	164.345	134.059
1184	140.752	164.195	133.943
1185	140.661	164.089	133.87
1186	140.676	164.06	133.877
1187	140.667	164.029	133.872
1188	140.68	164.082	133.888
1189	140.642	164.144	133.865
1190	140.634	164.093	133.865
1191	140.836	164.452	134.066
1192	140.835	164.499	134.076
1193	140.825	164.481	134.069
1194	140.966	164.735	134.214
1195	141.164	164.995	134.41
1196	141.183	165.025	134.439
1197	141.233	165.048	134.479
1198	141.287	165.132	134.536
1199	141.197	165.033	134.457
1200	141.193	165.019	134.455
1201	141.134	164.978	134.404
1201	0 0.840946	
1202	141.051	164.817	134.309
1203	140.881	164.593	134.157
1204	140.881	164.557	134.163
1205	140.792	164.372	134.043
1206	140.567	164.158	133.837
1207	140.376	163.908	133.669
1208	140.166	163.636	133.465
1209	140.18	163.62	133.464
1210	140.084	163.532	133.383
1211	139.986	163.406	133.295
1212	140.01	163.467	133.326
1213	139.998	163.487	133.318
1214	139.921	163.462	133.25
1215	139.679	163.16	133.033
1216	139.605	163.014	132.95
1217	139.566	163.019	132.919
1218	139.375	162.764	132.744
1219	139.059	162.358	132.445
1220	139.042	162.372	132.435
1221	139.152	162.404	132.496
1222	139.134	162.388	132.485
1223	139.218	162.472	132.569
1224	139.298	162.598	132.651
1225	139.264	162.608	132.627
1226	139.295	162.661	132.664
1227	139.329	162.742	132.708
1228	139.294	162.696	132.681
1229	139.261	162.71	132.659
1230	139.298	162.723	132.694
1231	139.343	162.724	132.732
1232	139.353	162.788	132.746
1233	139.278	162.678	132.682
1234	139.251	162.675	132.666
1235	139.228	162.676	132.649
1236	138.785	162.207	132.237
1237	138.579	161.939	132.036
1238	138.274	161.495	131.714
1239	138.26	161.511	131.709
1240	138.081	161.261	131.528
1241	137.961	161.107	131.418
1242	137.914	161.058	131.378
1243	137.804	160.941	131.278
1244	137.742	160.85	131.224
1245	137.398	160.431	130.902
1246	137.194	160.12	130.675
1247	137.066	159.892	130.535
1248	137.066	159.915	130.542
1249	137.002	159.845	130.487
1250	136.861	159.76	130.361
1251	136.823	159.735	130.328
1251	0 0.842416	
1252	136.707	159.591	130.225
1253	136.766	159.665	130.287
1254	136.722	159.612	130.248
1255	136.619	159.503	130.158
1256	136.534	159.409	130.085
1257	136.567	159.45	130.123
1258	136.572	159.454	130.135
1259	136.551	159.414	130.125
1260	136.538	159.34	130.087
1261	136.505	159.278	130.067
1262	136.512	159.25	130.064
1263	136.484	159.227	130.043
1264	136.449	159.184	130.013
1265	136.305	158.994	129.884
1266	136.265	158.921	129.843
1267	136.224	158.891	129.812
1268	136.193	158.834	129.784
1269	136.175	158.797	129.768
1270	136.119	158.735	129.72
1271	136.011	158.445	129.515
1272	136.026	158.434	129.54
1273	135.938	158.277	129.436
1274	135.99	158.435	129.492
1275	135.95	158.386	129.461
1276	136.247	158.714	129.753
1277	136.183	158.7	129.698
1278	136.122	158.622	129.642
1279	136.131	158.599	129.654
1280	136.305	158.78	129.823
1281	136.308	158.783	129.832
1282	136.29	158.776	129.821
1283	136.526	159.107	130.058
1284	136.723	159.365	130.255
1285	136.8	159.431	130.334
1286	136.848	159.614	130.391
1287	136.903	159.635	130.452
1288	136.975	159.743	130.528
1289	136.962	159.776	130.526
1290	136.978	159.816	130.545
1291	136.968	159.744	130.528
1292	137.056	159.865	130.626
1293	137	159.827	130.579
1294	136.828	159.517	130.367
1295	136.958	159.537	130.416
1296	137.074	159.63	130.522
1297	137.14	159.749	130.593
1298	137.077	159.663	130.546
1299	136.976	159.389	130.364
1300	136.822	159.245	130.226
1301	136.976	159.376	130.372
1301	0 0.841174	
1302	136.899	159.178	130.27
1303	136.933	159.203	130.312
1304	136.941	159.168	130.302
1305	136.969	159.194	130.333
1306	136.893	159.112	130.27
1307	136.853	159.074	130.236
1308	136.887	159.109	130.278
1309	136.845	159.08	130.243
1310	136.842	159.079	130.25
1311	136.777	159.037	130.195
1312	136.761	159.065	130.188
1313	136.739	159.044	130.17
1314	136.727	159.097	130.169
1315	136.718	159.113	130.166
1316	136.683	159.072	130.139
1317	136.587	158.947	130.058
1318	136.514	158.791	129.944
1319	136.547	158.837	129.981
1320	136.572	158.889	130.012
1321	136.568	158.877	130.011
1322	136.551	158.846	130.001
1323	136.623	158.931	130.074
1324	136.657	158.909	130.087
1325	136.763	158.98	130.171
1326	136.779	159.009	130.192
1327	136.779	159.057	130.197
1328	136.926	159.249	130.345
1329	137.103	159.439	130.519
1330	137.077	159.405	130.498
1331	137.081	159.417	130.506
1332	137.07	159.426	130.502
1333	137.116	159.483	130.552
1334	137.172	159.516	130.604
1335	137.202	159.532	130.642
1336	137.28	159.701	130.727
1337	137.285	159.739	130.737
1338	137.267	159.692	130.721
1339	137.28	159.713	130.738
1340	137.228	159.553	130.629
1341	137.249	159.597	130.653
1342	137.325	159.71	130.733
1343	137.322	159.712	130.735
1344	137.33	159.699	130.738
1345	137.327	159.68	130.736
1346	137.348	159.688	130.755
1347	137.406	159.807	130.817
1348	137.459	159.885	130.874
1349	137.448	159.905	130.871
1350	137.499	160.029	130.923
1351	137.528	160.061	130.956
1351	0 0.841625	
1352	137.473	160.074	130.91
1353	137.478	160.045	130.916
1354	137.475	160.04	130.919
1355	137.519	160.138	130.966
1356	137.403	160.036	130.864
1357	137.434	160.072	130.897
1358	137.47	160.122	130.937
1359	137.388	159.97	130.843
1360	137.374	159.946	130.834
1361	137.413	160.019	130.876
1362	137.398	159.994	130.864
1363	137.402	160.006	130.872
1364	137.35	159.932	130.831
1365	137.369	159.98	130.853
1366	137.488	160.149	130.973
1367	137.55	160.238	131.037
1368	137.471	160.136	130.968
1369	137.627	160.263	131.099
1370	137.605	160.299	131.085
1371	137.571	160.267	131.058
1372	137.571	160.279	131.06
1373	137.526	160.204	131.023
1374	137.618	160.331	131.118
1375	137.54	160.269	131.049
1376	137.487	160.189	131.013
1377	137.445	160.123	130.98
1378	137.524	160.216	131.059
1379	137.517	160.234	131.055
1380	137.513	160.254	131.057
1381	137.419	160.177	130.975
1382	137.411	160.194	130.974
1383	137.429	160.261	130.995
1384	137.427	160.236	130.99
1385	137.417	160.196	130.984
1386	137.393	160.222	130.97
1387	137.476	160.362	131.053
1388	137.523	160.399	131.095
1389	137.411	160.251	130.998
1390	137.486	160.385	131.075
1391	137.446	160.334	131.044
1392	137.425	160.285	131.018
1393	137.602	160.432	131.177
1394	137.654	160.468	131.226
1395	137.662	160.441	131.232
1396	137.64	160.419	131.218
1397	137.68	160.504	131.26
1398	137.76	160.586	131.341
1399	137.776	160.625	131.366
1400	137.84	160.706	131.431
1401	137.827	160.669	131.422
1401	0 0.842283	
1402	137.838	160.673	131.434
1403	137.944	160.808	131.544
1404	137.875	160.731	131.484
1405	137.87	160.754	131.489
1406	137.907	160.804	131.53
1407	137.962	160.851	131.588
1408	137.98	160.936	131.612
1409	138.029	161.035	131.664
1410	137.865	160.752	131.466
1411	137.953	160.881	131.558
1412	137.775	160.639	131.391
1413	137.739	160.59	131.361
1414	137.803	160.667	131.428
1415	137.95	160.838	131.574
1416	137.887	160.731	131.508
1417	137.726	160.574	131.364
1418	137.727	160.571	131.368
1419	137.703	160.504	131.33
1420	137.493	160.222	131.134
1421	137.461	160.126	131.094
1422	137.452	160.156	131.089
1423	137.415	160.093	131.053
1424	137.373	160.046	131.019
1425	137.374	160.072	131.026
1426	137.376	160.092	131.031
1427	137.488	160.243	131.145
1428	137.58	160.324	131.237
1429	137.603	160.351	131.262
1430	137.618	160.405	131.281
1431	137.671	160.455	131.338
1432	137.765	160.551	131.431
1433	137.496	160.23	131.18
1434	137.363	160.037	131.039
1435	137.339	160.013	131.021
1436	137.285	159.975	130.975
1437	137.266	159.906	130.939
1438	137.31	159.938	130.98
1439	137.213	159.824	130.894
1440	137.121	159.731	130.814
1441	137.15	159.755	130.838
1442	137.166	159.782	130.86
1443	137.211	159.831	130.908
1444	137.177	159.808	130.879
1445	137.177	159.807	130.884
1446	137.168	159.8	130.879
1447	137.141	159.771	130.856
1448	137.07	159.694	130.796
1449	137.06	159.675	130.792
1450	137.036	159.66	130.773
1451	137.001	159.607	130.748
1451	0 0.843218	
1452	136.984	159.596	130.736
1453	136.931	159.547	130.689
1454	136.881	159.479	130.641
1455	137.021	159.643	130.783
1456	136.973	159.571	130.737
1457	136.851	159.381	130.623
1458	136.783	159.264	130.54
1459	136.771	159.268	130.532
1460	136.74	159.245	130.505
1461	136.639	159.126	130.417
1462	136.668	159.174	130.451
1463	136.644	159.16	130.435
1464	136.659	159.146	130.437
1465	136.737	159.247	130.522
1466	136.677	159.178	130.469
1467	136.636	159.123	130.434
1468	136.558	159.092	130.364
1469	136.564	159.117	130.376
1470	136.569	159.168	130.385
1471	136.631	159.241	130.448
1472	136.659	159.276	130.478
1473	136.643	159.301	130.466
1474	136.596	159.262	130.425
1475	136.676	159.369	130.506
1476	136.747	159.488	130.581
1477	136.775	159.512	130.605
1478	136.974	159.686	130.773
1479	136.98	159.692	130.784
1480	137.041	159.771	130.846
1481	137.053	159.786	130.862
1482	137.253	160.044	131.062
1483	137.273	159.99	131.041
1484	137.219	159.929	130.994
1485	137.214	159.953	130.994
1486	137.292	159.962	131.029
1487	137.414	160.077	131.152
1488	137.406	160.076	131.149
1489	137.486	160.145	131.22
1490	137.592	160.192	131.277
1491	137.605	160.217	131.297
1492	137.576	160.196	131.274
1493	137.557	160.142	131.249
1494	137.637	160.22	131.323
1495	137.625	160.215	131.319
1496	137.593	160.198	131.293
1497	137.584	160.075	131.223
1498	137.597	160.059	131.233
1499	137.62	160.077	131.259
1500	137.689	160.22	131.334
1501	137.686	160.272	131.336
1501	0 0.844807	
1502	137.561	160.149	131.224
1503	137.537	160.13	131.208
1504	137.654	160.302	131.327
1505	137.649	160.243	131.296
1506	137.695	160.295	131.345
1507	137.737	160.398	131.392
1508	137.796	160.46	131.452
1509	137.837	160.52	131.498
1510	137.777	160.481	131.447
1511	137.891	160.643	131.562
1512	137.89	160.646	131.566
1513	137.833	160.595	131.518
1514	137.821	160.563	131.506
1515	137.789	160.553	131.479
1516	137.814	160.62	131.509
1517	137.758	160.493	131.445
1518	137.659	160.33	131.338
1519	137.7	160.372	131.381
1520	137.682	160.345	131.367
1521	137.812	160.445	131.476
1522	137.823	160.436	131.493
1523	137.833	160.458	131.505
1524	137.761	160.369	131.443
1525	137.757	160.362	131.443
1526	137.704	160.324	131.399
1527	137.526	160.14	131.238
1528	137.571	160.204	131.286
1529	137.532	160.19	131.259
1530	137.514	160.18	131.247
1531	137.449	160.117	131.188
1532	137.4	160.046	131.143
1533	137.389	159.889	131.064
1534	137.266	159.698	130.933
1535	137.139	159.539	130.817
1536	137.201	159.606	130.882
1537	137.247	159.616	130.909
1538	137.364	159.645	130.969
1539	137.355	159.639	130.965
1540	137.239	159.601	130.861
1541	137.249	159.625	130.875
1542	137.257	159.602	130.873
1543	137.31	159.697	130.929
1544	137.349	159.718	130.971
1545	137.326	159.662	130.946
1546	137.3	159.637	130.925
1547	137.269	159.63	130.899
1548	137.238	159.576	130.865
1549	137.24	159.638	130.871
1550	137.192	159.561	130.819
1551	137.206	159.607	130.835
1551	0 0.844835	
1552	137.191	159.564	130.818
1553	137.109	159.483	130.748
1554	137.18	159.563	130.821
1555	137.112	159.494	130.764
1556	137.147	159.527	130.799
1557	137.263	159.631	130.918
1558	137.118	159.458	130.786
1559	137.055	159.41	130.733
1560	137.043	159.387	130.726
1561	137.065	159.435	130.751
1562	136.914	159.053	130.485
1563	136.809	158.951	130.391
1564	136.821	158.972	130.408
1565	136.823	159.016	130.416
1566	136.853	158.997	130.428
1567	136.869	158.997	130.452
1568	136.913	159.095	130.5
1569	136.825	159.037	130.423
1570	136.719	158.876	130.318
1571	136.761	158.965	130.363
1572	136.814	159.073	130.419
1573	136.694	158.957	130.31
1574	136.712	159.01	130.333
1575	136.709	158.981	130.324
1576	136.706	158.953	130.33
1577	136.718	158.961	130.346
1578	136.768	159.082	130.398
1579	136.881	159.23	130.512
1580	136.842	159.219	130.48
1581	136.839	159.202	130.478
1582	136.858	159.196	130.494
1583	136.807	159.13	130.447
1584	136.802	159.15	130.451
1585	136.867	159.164	130.489
1586	136.901	159.186	130.529
1587	136.95	159.207	130.575
1588	136.924	159.19	130.555
1589	136.93	159.193	130.567
1590	136.933	159.178	130.576
1591	136.887	159.138	130.536
1592	136.884	159.174	130.538
1593	136.932	159.211	130.589
1594	136.976	159.224	130.628
1595	137.01	159.28	130.664
1596	137.004	159.267	130.664
1597	137.002	159.291	130.668
1598	136.976	159.304	130.647
1599	136.924	159.284	130.602
1600	137.011	159.396	130.694
1601	137.051	159.465	130.735
1601	0 0.843895	
1602	137.066	159.384	130.687
1603	137.015	159.336	130.642
1604	137.052	159.379	130.681
1605	137.108	159.469	130.737
1606	137.077	159.475	130.71
1607	136.79	158.929	130.305
1608	136.555	158.604	130.068
1609	136.411	158.359	129.884
1610	136.161	158.007	129.628
1611	136.192	158.069	129.665
1612	136.165	157.981	129.623
1613	136.143	157.976	129.605
1614	136.134	157.97	129.602
1615	136.097	158.014	129.572
1616	136.126	158.019	129.606
1617	136.116	158.066	129.603
1618	135.91	157.794	129.406
1619	135.799	157.655	129.307
1620	135.844	157.641	129.322
1621	135.822	157.623	129.308
1622	135.835	157.587	129.307
1623	135.798	157.558	129.278
1624	135.775	157.552	129.262
1625	135.751	157.548	129.242
1626	135.762	157.56	129.256
1627	135.822	157.649	129.319
1628	135.932	157.763	129.43
1629	135.971	157.792	129.473
1630	135.994	157.787	129.494
1631	136.04	157.788	129.528
1632	136.025	157.764	129.517
1633	136.113	157.864	129.605
1634	135.927	157.634	129.434
1635	135.857	157.565	129.372
1636	135.845	157.583	129.367
1637	135.888	157.588	129.39
1638	135.846	157.575	129.359
1639	135.823	157.598	129.346
1640	135.939	157.768	129.462
1641	135.881	157.688	129.414
1642	135.854	157.659	129.393
1643	135.862	157.668	129.403
1644	135.868	157.675	129.411
1645	135.838	157.654	129.388
1646	135.82	157.629	129.374
1647	135.835	157.651	129.39
1648	135.823	157.664	129.386
1649	135.761	157.565	129.332
1650	135.7	157.493	129.281
1651	135.568	157.398	129.159
1651	0 0.843432	
1652	135.546	157.392	129.142
1653	135.496	157.364	129.1
1654	135.443	157.279	129.046
1655	135.442	157.273	129.05
1656	135.398	157.19	129.013
1657	135.374	157.147	128.995
1658	135.382	157.1	128.973
1659	135.361	157.057	128.952
1660	135.372	157.061	128.966
1661	135.277	156.893	128.854
1662	135.363	156.982	128.941
1663	135.417	157.071	128.998
1664	135.436	157.156	129.022
1665	135.443	157.196	129.033
1666	135.401	157.186	128.999
1667	135.438	157.245	129.039
1668	135.38	157.223	128.993
1669	135.381	157.22	129.001
1670	135.416	157.252	129.038
1671	135.397	157.243	129.027
1672	135.392	157.218	129.03
1673	135.492	157.339	129.13
1674	135.616	157.442	129.238
1675	135.618	157.461	129.245
1676	135.621	157.454	129.252
1677	135.604	157.412	129.232
1678	135.592	157.43	129.227
1679	135.48	157.314	129.126
1680	135.416	157.24	129.07
1681	135.371	157.177	129.033
1682	135.381	157.225	129.048
1683	135.388	157.214	129.055
1684	135.398	157.238	129.068
1685	135.331	157.193	129.009
1686	135.34	157.264	129.026
1687	135.406	157.359	129.096
1688	135.443	157.301	129.068
1689	135.37	157.239	129.005
1690	135.34	157.164	128.957
1691	135.347	157.175	128.967
1692	135.479	157.307	129.099
1693	135.446	157.292	129.074
1694	135.489	157.314	129.106
1695	135.504	157.295	129.1
1696	135.493	157.284	129.095
1697	135.596	157.433	129.197
1698	135.587	157.427	129.193
1699	135.694	157.517	129.285
1700	135.658	157.543	129.254
1701	135.709	157.586	129.307
1701	0 0.842728	
1702	135.717	157.597	129.317
1703	135.742	157.636	129.344
1704	135.817	157.727	129.421
1705	135.93	157.825	129.518
1706	135.933	157.793	129.515
1707	135.887	157.708	129.461
1708	135.9	157.729	129.476
1709	135.856	157.665	129.434
1710	135.831	157.614	129.403
1711	135.896	157.736	129.471
1712	135.897	157.727	129.478
1713	135.941	157.809	129.524
1714	135.977	157.82	129.547
1715	136.173	157.999	129.723
1716	136.183	158.034	129.737
1717	136.272	158.109	129.82
1718	136.376	158.233	129.925
1719	136.338	158.177	129.892
1720	136.328	158.189	129.886
1721	136.418	158.287	129.973
1722	136.411	158.295	129.97
1723	136.505	158.371	130.06
1724	136.522	158.397	130.08
1725	136.483	158.369	130.045
1726	136.504	158.385	130.07
1727	136.617	158.492	130.175
1728	136.618	158.499	130.183
1729	136.694	158.559	130.252
1730	136.672	158.527	130.236
1731	136.658	158.477	130.207
1732	136.586	158.404	130.144
1733	136.57	158.38	130.134
1734	136.548	158.376	130.117
1735	136.554	158.395	130.127
1736	136.605	158.476	130.18
1737	136.594	158.45	130.163
1738	136.613	158.473	130.183
1739	136.585	158.39	130.137
1740	136.558	158.321	130.087
1741	136.543	158.278	130.067
1742	136.451	158.16	129.982
1743	136.525	158.204	130.038
1744	136.498	158.168	130.014
1745	136.519	158.203	130.036
1746	136.634	158.348	130.152
1747	136.729	158.452	130.248
1748	136.767	158.528	130.289
1749	136.758	158.49	130.269
1750	136.951	158.598	130.395
1751	136.983	158.598	130.421
1751	0 0.842184	
1752	136.967	158.542	130.412
1753	137.008	158.557	130.44
1754	137.132	158.62	130.515
1755	137.187	158.744	130.574
1756	137.231	158.742	130.593
1757	137.259	158.775	130.623
1758	137.335	158.854	130.702
1759	137.367	158.88	130.739
1760	137.397	158.871	130.756
1761	137.404	158.864	130.766
1762	137.476	158.922	130.843
1763	137.619	159.089	130.985
1764	137.686	159.163	131.054
1765	137.642	159.077	131.005
1766	137.62	158.967	130.937
1767	137.682	159.013	130.996
1768	137.646	158.986	130.965
1769	137.708	159.021	131.026
1770	137.754	159.049	131.075
1771	137.801	159.105	131.124
1772	137.819	159.108	131.138
1773	137.832	159.115	131.149
1774	137.899	159.148	131.199
1775	137.899	159.106	131.175
1776	138.065	159.2	131.278
1777	138.081	159.217	131.303
1778	138.107	159.231	131.326
1779	138.164	159.31	131.386
1780	138.146	159.252	131.36
1781	138.223	159.324	131.441
1782	138.209	159.3	131.427
1783	138.172	159.244	131.395
1784	138.401	159.471	131.612
1785	138.391	159.45	131.604
1786	138.421	159.531	131.638
1787	138.46	159.625	131.679
1788	138.461	159.639	131.684
1789	138.515	159.671	131.729
1790	138.601	159.734	131.797
1791	138.607	159.698	131.786
1792	138.601	159.676	131.782
1793	138.571	159.634	131.756
1794	138.572	159.634	131.758
1795	138.518	159.566	131.712
1796	138.396	159.407	131.596
1797	138.25	159.265	131.463
1798	138.21	159.208	131.425
1799	138.072	159.034	131.292
1800	138.054	158.981	131.275
1801	138.049	159.008	131.274
1801	0 0.839008	
1802	137.985	158.986	131.217
1803	137.933	158.941	131.174
1804	137.95	158.944	131.2
1805	137.954	158.927	131.2
1806	137.747	158.643	130.985
1807	137.609	158.486	130.859
1808	137.547	158.436	130.802
1809	137.37	158.21	130.633
1810	137.026	157.782	130.301
1811	136.915	157.651	130.199
1812	136.768	157.393	130.001
1813	136.814	157.446	130.052
1814	136.901	157.529	130.138
1815	136.965	157.603	130.206
1816	137.017	157.68	130.261
1817	137.01	157.68	130.257
1818	136.999	157.644	130.235
1819	137.083	157.697	130.299
1820	137.072	157.708	130.295
1821	137.095	157.739	130.32
1822	137.064	157.716	130.293
1823	137.048	157.692	130.282
1824	137.029	157.703	130.268
1825	137.03	157.709	130.272
1826	136.997	157.672	130.245
1827	136.997	157.648	130.237
1828	136.942	157.59	130.189
1829	136.978	157.61	130.225
1830	136.984	157.638	130.236
1831	136.999	157.668	130.252
1832	136.959	157.621	130.219
1833	137.117	157.736	130.34
1834	137.226	157.878	130.447
1835	137.166	157.845	130.394
1836	137.105	157.802	130.342
1837	137.134	157.842	130.374
1838	137.139	157.854	130.384
1839	137.137	157.865	130.384
1840	137.115	157.858	130.369
1841	137.13	157.857	130.383
1842	137.149	157.922	130.404
1843	137.145	157.929	130.405
1844	137.177	158.018	130.441
1845	137.226	158.065	130.49
1846	137.251	158.141	130.518
1847	137.233	158.14	130.506
1848	137.238	158.152	130.516
1849	137.256	158.19	130.538
1850	137.224	158.144	130.506
1851	137.252	158.198	130.535
1851	0 0.839527	
1852	137.216	158.189	130.509
1853	137.315	158.314	130.608
1854	137.309	158.289	130.596
1855	137.294	158.274	130.583
1856	137.303	158.299	130.594
1857	137.315	158.313	130.61
1858	137.419	158.44	130.714
1859	137.453	158.495	130.75
1860	137.427	158.511	130.729
1861	137.475	158.55	130.78
1862	137.496	158.571	130.803
1863	137.478	158.543	130.786
1864	137.559	158.664	130.869
1865	137.491	158.552	130.802
1866	137.484	158.566	130.799
1867	137.456	158.571	130.777
1868	137.433	158.564	130.76
1869	137.438	158.596	130.768
1870	137.495	158.649	130.826
1871	137.552	158.725	130.883
1872	137.525	158.734	130.861
1873	137.532	158.783	130.871
1874	137.633	158.911	130.97
1875	137.651	158.928	130.988
1876	137.706	158.975	131.041
1877	137.656	158.894	130.988
1878	137.821	159.053	131.151
1879	137.873	159.077	131.2
1880	137.891	159.097	131.219
1881	137.885	159.086	131.213
1882	137.872	159.034	131.189
1883	137.9	159.035	131.211
1884	137.821	158.908	131.127
1885	137.78	158.868	131.094
1886	137.775	158.847	131.096
1887	137.735	158.804	131.063
1888	137.782	158.828	131.097
1889	137.715	158.774	131.038
1890	137.697	158.759	131.025
1891	137.71	158.813	131.042
1892	137.697	158.792	131.035
1893	137.633	158.769	130.978
1894	137.553	158.639	130.892
1895	137.628	158.714	130.969
1896	137.597	158.674	130.945
1897	137.558	158.653	130.915
1898	137.61	158.703	130.969
1899	137.597	158.77	130.965
1900	137.591	158.805	130.964
1901	137.628	158.815	130.995
1901	0 0.839872	
1902	137.643	158.816	131.013
1903	137.653	158.893	131.028
1904	137.62	158.797	130.972
1905	137.552	158.762	130.914
1906	137.577	158.805	130.942
1907	137.516	158.75	130.89
1908	137.519	158.766	130.896
1909	137.512	158.78	130.893
1910	137.464	158.72	130.852
1911	137.462	158.729	130.855
1912	137.516	158.78	130.907
1913	137.473	158.731	130.869
1914	137.5	158.812	130.899
1915	137.494	158.806	130.897
1916	137.441	158.715	130.831
1917	137.36	158.529	130.696
1918	137.289	158.489	130.636
1919	137.184	158.319	130.517
1920	137.152	158.279	130.489
1921	137.073	158.132	130.382
1922	137.035	158.065	130.344
1923	137.061	158.128	130.374
1924	136.957	157.992	130.279
1925	136.941	157.916	130.234
1926	136.879	157.862	130.179
1927	136.912	157.919	130.216
1928	136.974	157.992	130.278
1929	136.97	157.935	130.251
1930	136.92	157.864	130.21
1931	136.946	157.859	130.219
1932	136.949	157.883	130.227
1933	136.932	157.893	130.213
1934	136.951	157.908	130.235
1935	136.981	157.953	130.267
1936	137.041	158.038	130.327
1937	137.008	157.999	130.297
1938	137.023	158.014	130.311
1939	136.995	157.986	130.289
1940	136.977	157.964	130.275
1941	136.908	157.887	130.212
1942	136.863	157.848	130.175
1943	136.859	157.861	130.177
1944	136.86	157.86	130.182
1945	136.834	157.898	130.162
1946	136.833	157.864	130.149
1947	136.877	157.9	130.196
1948	136.898	157.967	130.218
1949	136.861	157.935	130.188
1950	136.944	157.98	130.247
1951	136.961	158.012	130.266
1951	0 0.841939	
1952	136.92	157.964	130.232
1953	136.928	157.994	130.245
1954	136.951	158.089	130.276
1955	136.94	158.065	130.266
1956	136.95	158.078	130.282
1957	136.893	158.043	130.233
1958	136.917	158.1	130.262
1959	136.927	158.104	130.268
1960	136.915	158.082	130.262
1961	136.876	157.953	130.175
1962	136.867	157.922	130.166
1963	136.856	157.947	130.16
1964	136.844	157.932	130.151
1965	136.858	157.94	130.162
1966	136.864	157.946	130.17
1967	136.808	157.909	130.121
1968	136.713	157.793	130.035
1969	136.724	157.812	130.05
1970	136.827	157.897	130.14
1971	136.84	157.913	130.156
1972	136.867	157.955	130.186
1973	136.76	157.799	130.078
1974	136.751	157.774	130.064
1975	136.598	157.54	129.896
1976	136.628	157.559	129.929
1977	136.575	157.466	129.862
1978	136.456	157.336	129.752
1979	136.438	157.331	129.738
1980	136.413	157.316	129.719
1981	136.301	157.14	129.588
1982	136.163	156.98	129.46
1983	136.219	157.063	129.518
1984	136.196	157.019	129.502
1985	136.18	157.03	129.492
1986	136.125	156.936	129.433
1987	136.106	156.903	129.415
1988	136.044	156.833	129.358
1989	136.059	156.85	129.373
1990	136.025	156.786	129.337
1991	135.776	156.467	129.094
1992	135.542	156.134	128.842
1993	135.598	156.202	128.9
1994	135.383	155.957	128.702
1995	135.273	155.826	128.6
1996	135.208	155.72	128.535
1997	135.238	155.787	128.569
1998	135.207	155.76	128.545
1999	135.137	155.644	128.461
2000	135.132	155.627	128.454
2001	135.091	155.544	128.406
2001	0 0.842606	
2002	135.093	155.535	128.409
2003	135.136	155.584	128.456
2004	135.124	155.491	128.399
2005	134.807	155.114	128.103
2006	134.808	155.102	128.099
2007	134.668	154.98	127.973
2008	134.415	154.672	127.734
2009	134.278	154.493	127.608
2010	134.295	154.514	127.628
2011	134.297	154.539	127.636
2012	134.198	154.401	127.535
2013	134.133	154.321	127.476
2014	134.172	154.37	127.517
2015	133.998	154.139	127.344
2016	133.895	154.023	127.25
2017	133.832	153.943	127.194
2018	133.71	153.837	127.082
2019	133.678	153.802	127.055
2020	133.373	153.408	126.748
2021	133.277	153.266	126.651
2022	133.164	153.136	126.549
2023	133.073	152.877	126.362
2024	133.095	152.895	126.387
2025	133.153	153.03	126.446
2026	133.137	153.053	126.436
2027	133.162	153.103	126.464
2028	133.113	153.08	126.424
2029	133.028	152.969	126.342
2030	132.972	152.871	126.28
2031	132.869	152.676	126.152
2032	132.845	152.652	126.131
2033	132.665	152.398	125.937
2034	132.562	152.282	125.845
2035	132.547	152.262	125.833
2036	132.56	152.255	125.847
2037	132.603	152.332	125.892
2038	132.565	152.305	125.861
2039	132.522	152.256	125.824
2040	132.49	152.209	125.8
2041	132.446	152.175	125.761
2042	132.478	152.215	125.799
2043	132.483	152.238	125.809
2044	132.487	152.275	125.819
2045	132.499	152.268	125.828
2046	132.588	152.358	125.917
2047	132.604	152.408	125.934
2048	132.586	152.408	125.92
2049	132.615	152.438	125.953
2050	132.669	152.498	126.009
2051	132.708	152.55	126.051
2051	0 0.844226	
2052	132.739	152.601	126.085
2053	132.773	152.633	126.115
2054	132.886	152.752	126.226
2055	132.89	152.754	126.23
2056	132.883	152.742	126.222
2057	132.906	152.767	126.248
2058	132.91	152.768	126.252
2059	132.91	152.708	126.218
2060	132.904	152.739	126.217
2061	132.802	152.659	126.126
2062	132.741	152.578	126.075
2063	132.65	152.461	125.996
2064	132.598	152.319	125.907
2065	132.57	152.274	125.882
2066	132.645	152.354	125.958
2067	132.506	152.177	125.832
2068	132.394	152.062	125.732
2069	132.325	152.009	125.67
2070	132.275	151.937	125.618
2071	132.183	151.839	125.536
2072	132.149	151.81	125.507
2073	132.142	151.818	125.504
2074	132.117	151.791	125.484
2075	132.067	151.814	125.443
2076	132.062	151.785	125.429
2077	132.044	151.768	125.414
2078	131.953	151.605	125.304
2079	131.731	151.304	125.072
2080	131.644	151.195	124.991
2081	131.608	151.156	124.962
2082	131.557	151.095	124.917
2083	131.478	151.036	124.847
2084	131.439	150.993	124.813
2085	131.398	150.931	124.77
2086	131.409	150.919	124.776
2087	131.147	150.596	124.528
2088	131.037	150.483	124.427
2089	131.014	150.459	124.407
2090	130.996	150.447	124.395
2091	130.921	150.378	124.326
2092	130.787	150.207	124.197
2093	130.634	150.029	124.057
2094	130.618	150.005	124.044
2095	130.447	149.723	123.837
2096	130.389	149.631	123.771
2097	130.299	149.524	123.689
2098	130.223	149.423	123.619
2099	130.151	149.336	123.556
2100	130.176	149.378	123.582
2101	130.339	149.561	123.744
2101	0 0.844131	
2102	130.37	149.636	123.777
2103	130.372	149.629	123.781
2104	130.352	149.602	123.764
2105	130.386	149.59	123.772
2106	130.446	149.633	123.814
2107	130.456	149.674	123.828
2108	130.504	149.781	123.877
2109	130.54	149.868	123.914
2110	130.575	149.909	123.951
2111	130.54	149.92	123.925
2112	130.576	149.992	123.964
2113	130.578	150.015	123.968
2114	130.609	150.092	124.002
2115	130.633	150.127	124.029
2116	130.618	150.11	124.016
2117	130.578	149.977	123.93
2118	130.611	150.02	123.964
2119	130.591	149.982	123.942
2120	130.635	150.026	123.987
2121	130.671	150.067	124.023
2122	130.72	150.123	124.075
2123	130.754	150.163	124.109
2124	130.77	150.212	124.13
2125	130.732	150.175	124.098
2126	130.763	150.19	124.13
2127	130.765	150.221	124.136
2128	130.785	150.252	124.158
2129	130.866	150.38	124.238
2130	130.867	150.413	124.244
2131	130.862	150.39	124.24
2132	130.896	150.382	124.25
2133	130.962	150.465	124.317
2134	130.934	150.384	124.269
2135	130.992	150.437	124.328
2136	131.084	150.472	124.377
2137	131.077	150.484	124.375
2138	131.013	150.446	124.318
2139	131.089	150.557	124.396
2140	131.144	150.614	124.45
2141	131.159	150.649	124.468
2142	131.172	150.66	124.483
2143	131.084	150.535	124.395
2144	131.09	150.542	124.404
2145	131.209	150.64	124.506
2146	131.289	150.757	124.588
2147	131.353	150.818	124.65
2148	131.425	150.902	124.724
2149	131.553	151.072	124.849
2150	131.563	151.092	124.862
2151	131.603	151.144	124.904
2151	0 0.842594	
2152	131.55	151.102	124.857
2153	131.544	151.117	124.854
2154	131.58	151.156	124.891
2155	131.576	151.152	124.89
2156	131.565	151.144	124.885
2157	131.629	151.215	124.951
2158	131.632	151.222	124.956
2159	131.696	151.298	125.02
2160	131.739	151.372	125.065
2161	131.852	151.483	125.174
2162	131.904	151.555	125.228
2163	132.011	151.678	125.332
2164	132.024	151.705	125.346
2165	132.118	151.789	125.43
2166	132.204	151.908	125.515
2167	132.213	151.928	125.526
2168	132.234	151.968	125.552
2169	132.353	152.111	125.671
2170	132.328	152.077	125.649
2171	132.419	152.194	125.741
2172	132.409	152.232	125.736
2173	132.411	152.293	125.743
2174	132.412	152.322	125.749
2175	132.429	152.337	125.766
2176	132.437	152.329	125.767
2177	132.464	152.366	125.797
2178	132.453	152.343	125.785
2179	132.486	152.393	125.82
2180	132.487	152.397	125.823
2181	132.616	152.603	125.951
2182	132.636	152.689	125.976
2183	132.647	152.688	125.988
2184	132.656	152.7	126
2185	132.748	152.802	126.091
2186	132.725	152.764	126.073
2187	132.738	152.766	126.088
2188	132.768	152.806	126.121
2189	132.76	152.763	126.096
2190	132.751	152.777	126.092
2191	132.749	152.782	126.094
2192	132.763	152.781	126.112
2193	132.715	152.722	126.073
2194	132.73	152.726	126.09
2195	132.767	152.77	126.13
2196	132.798	152.824	126.162
2197	132.883	152.935	126.246
2198	132.93	153.017	126.296
2199	132.979	153.046	126.342
2200	132.934	153.012	126.302
2201	133.013	153.11	126.381
2201	0 0.840733	
2202	133.088	153.195	126.457
2203	133.168	153.235	126.506
2204	133.201	153.257	126.537
2205	133.225	153.252	126.544
2206	133.281	153.321	126.601
2207	133.327	153.392	126.649
2208	133.295	153.384	126.622
2209	133.299	153.359	126.615
2210	133.275	153.323	126.591
2211	133.274	153.328	126.594
2212	133.221	153.271	126.546
2213	133.264	153.336	126.59
2214	133.261	153.317	126.579
2215	133.35	153.44	126.668
2216	133.383	153.47	126.699
2217	133.395	153.474	126.712
2218	133.457	153.57	126.775
2219	133.496	153.651	126.816
2220	133.61	153.795	126.928
2221	133.606	153.796	126.927
2222	133.651	153.868	126.974
2223	133.66	153.899	126.985
2224	133.708	153.953	127.034
2225	133.714	153.938	127.033
2226	133.76	153.998	127.078
2227	133.78	154.047	127.101
2228	133.908	154.181	127.226
2229	133.926	154.243	127.247
2230	133.89	154.191	127.213
2231	133.891	154.215	127.217
2232	133.908	154.219	127.23
2233	133.867	154.171	127.195
2234	133.864	154.202	127.196
2235	133.858	154.255	127.195
2236	133.854	154.239	127.19
2237	133.841	154.228	127.179
2238	133.855	154.261	127.195
2239	133.856	154.26	127.199
2240	133.877	154.29	127.22
2241	133.87	154.283	127.216
2242	133.849	154.251	127.194
2243	133.848	154.274	127.195
2244	133.904	154.35	127.254
2245	133.916	154.369	127.267
2246	133.965	154.435	127.318
2247	134.027	154.531	127.38
2248	134.001	154.461	127.336
2249	133.992	154.486	127.333
2250	133.951	154.419	127.291
2251	133.936	154.393	127.277
2251	0 0.841935	
2252	133.927	154.415	127.273
2253	133.956	154.477	127.305
2254	133.966	154.51	127.318
2255	134.003	154.527	127.345
2256	134.075	154.645	127.421
2257	134.112	154.682	127.458
2258	134.122	154.708	127.471
2259	134.132	154.726	127.485
2260	134.153	154.741	127.503
2261	134.12	154.723	127.475
2262	134.13	154.74	127.487
2263	134.106	154.732	127.467
2264	134.117	154.734	127.481
2265	134.181	154.821	127.546
2266	134.247	154.944	127.612
2267	134.206	154.914	127.577
2268	134.272	155.022	127.646
2269	134.316	155.076	127.69
2270	134.37	155.107	127.741
2271	134.4	155.135	127.771
2272	134.374	155.068	127.733
2273	134.325	155.034	127.692
2274	134.319	155.004	127.678
2275	134.376	155.043	127.729
2276	134.383	155.028	127.735
2277	134.476	155.176	127.83
2278	134.492	155.166	127.835
2279	134.481	155.167	127.827
2280	134.444	155.14	127.796
2281	134.515	155.221	127.867
2282	134.544	155.228	127.89
2283	134.509	155.181	127.859
2284	134.515	155.186	127.868
2285	134.529	155.188	127.885
2286	134.549	155.216	127.906
2287	134.519	155.177	127.879
2288	134.574	155.19	127.9
2289	134.622	155.235	127.952
2290	134.603	155.242	127.94
2291	134.672	155.272	127.98
2292	134.642	155.224	127.949
2293	134.722	155.317	128.029
2294	134.731	155.266	128.009
2295	134.739	155.305	128.021
2296	134.755	155.317	128.041
2297	134.8	155.35	128.079
2298	134.807	155.359	128.087
2299	134.806	155.348	128.087
2300	134.755	155.297	128.043
2301	134.761	155.301	128.051
2301	0 0.841524	
2302	134.862	155.452	128.154
2303	134.87	155.462	128.167
2304	134.982	155.605	128.278
2305	135.014	155.658	128.313
2306	135.083	155.729	128.385
2307	135.105	155.764	128.408
2308	135.06	155.731	128.369
2309	135.02	155.683	128.333
2310	135.043	155.716	128.357
2311	135.051	155.726	128.367
2312	135.107	155.816	128.424
2313	135.202	155.953	128.519
2314	135.181	155.943	128.503
2315	135.186	155.959	128.512
2316	135.25	156.08	128.578
2317	135.248	156.089	128.581
2318	135.31	156.146	128.644
2319	135.386	156.246	128.723
2320	135.452	156.3	128.782
2321	135.404	156.235	128.741
2322	135.385	156.218	128.725
2323	135.397	156.239	128.739
2324	135.421	156.305	128.768
2325	135.516	156.45	128.863
2326	135.544	156.494	128.894
2327	135.64	156.707	128.991
2328	135.664	156.736	129.017
2329	135.666	156.74	129.021
2330	135.748	156.862	129.102
2331	135.76	156.892	129.119
2332	135.858	156.999	129.216
2333	135.906	157.055	129.265
2334	136.02	157.198	129.378
2335	136.1	157.315	129.46
2336	136.151	157.363	129.512
2337	136.113	157.337	129.48
2338	136.106	157.315	129.475
2339	136.061	157.255	129.433
2340	135.978	157.168	129.357
2341	135.985	157.16	129.363
2342	136.015	157.198	129.395
2343	136.057	157.256	129.44
2344	136.099	157.297	129.482
2345	136.071	157.219	129.434
2346	136.048	157.193	129.416
2347	136.084	157.244	129.454
2348	136.071	157.217	129.444
2349	136.052	157.22	129.43
2350	136.052	157.245	129.436
2351	136.043	157.234	129.43
2351	0 0.841773	
2352	135.983	157.154	129.374
2353	135.937	157.095	129.332
2354	135.947	157.098	129.343
2355	135.943	157.072	129.326
2356	135.91	157.014	129.288
2357	135.924	157.026	129.303
2358	135.888	156.962	129.271
2359	135.858	156.954	129.246
2360	135.779	156.877	129.174
2361	135.75	156.843	129.15
2362	135.729	156.834	129.132
2363	135.691	156.821	129.1
2364	135.655	156.774	129.071
2365	135.612	156.729	129.033
2366	135.589	156.736	129.015
2367	135.607	156.752	129.035
2368	135.538	156.655	128.972
2369	135.536	156.669	128.974
2370	135.505	156.628	128.946
2371	135.525	156.652	128.967
2372	135.497	156.63	128.944
2373	135.494	156.616	128.944
2374	135.477	156.576	128.924
2375	135.5	156.613	128.951
2376	135.497	156.634	128.95
2377	135.493	156.628	128.95
2378	135.532	156.662	128.991
2379	135.551	156.671	129.014
2380	135.485	156.626	128.954
2381	135.54	156.685	129.008
2382	135.535	156.72	129.009
2383	135.502	156.706	128.982
2384	135.486	156.734	128.971
2385	135.502	156.767	128.99
2386	135.509	156.814	129.001
2387	135.552	156.884	129.047
2388	135.539	156.866	129.039
2389	135.581	156.897	129.074
2390	135.529	156.833	129.027
2391	135.517	156.827	129.018
2392	135.459	156.756	128.965
2393	135.46	156.776	128.971
2394	135.48	156.798	128.994
2395	135.474	156.776	128.987
2396	135.44	156.758	128.957
2397	135.465	156.797	128.988
2398	135.378	156.668	128.897
2399	135.365	156.661	128.887
2400	135.297	156.553	128.806
2401	135.249	156.506	128.763
2401	0 0.84203	
2402	135.211	156.464	128.729
2403	135.151	156.382	128.674
2404	135.156	156.411	128.683
2405	135.147	156.386	128.678
2406	134.999	156.14	128.489
2407	134.917	155.966	128.355
2408	134.887	155.89	128.299
2409	134.893	155.897	128.31
2410	134.893	155.894	128.314
2411	134.888	155.902	128.314
2412	135.096	156.085	128.495
2413	135.122	156.096	128.523
2414	135.108	156.062	128.504
2415	135.146	156.114	128.543
2416	135.158	156.158	128.558
2417	135.22	156.243	128.62
2418	135.186	156.197	128.589
2419	135.214	156.242	128.619
2420	135.211	156.24	128.617
2421	135.204	156.241	128.614
2422	135.213	156.292	128.626
2423	135.261	156.315	128.658
2424	135.271	156.338	128.67
2425	135.271	156.332	128.673
2426	135.268	156.329	128.671
2427	135.283	156.351	128.691
2428	135.273	156.361	128.684
2429	135.264	156.353	128.678
2430	135.297	156.409	128.712
2431	135.316	156.449	128.735
2432	135.321	156.496	128.743
2433	135.396	156.588	128.817
2434	135.436	156.653	128.86
2435	135.425	156.628	128.848
2436	135.468	156.698	128.892
2437	135.53	156.777	128.955
2438	135.534	156.791	128.962
2439	135.549	156.823	128.983
2440	135.552	156.809	128.98
2441	135.507	156.798	128.941
2442	135.522	156.806	128.961
2443	135.574	156.868	129.016
2444	135.588	156.879	129.03
2445	135.587	156.869	129.025
2446	135.581	156.838	129.017
2447	135.476	156.709	128.921
2448	135.532	156.814	128.98
2449	135.57	156.831	129.012
2450	135.552	156.804	128.995
2451	135.52	156.79	128.971
2451	0 0.842431	
2452	135.577	156.892	129.029
2453	135.496	156.799	128.957
2454	135.467	156.788	128.933
2455	135.446	156.762	128.917
2456	135.44	156.764	128.913
2457	135.43	156.729	128.891
2458	135.392	156.66	128.852
2459	135.415	156.679	128.876
2460	135.371	156.645	128.837
2461	135.326	156.61	128.799
2462	135.295	156.57	128.772
2463	135.332	156.618	128.811
2464	135.345	156.637	128.828
2465	135.398	156.638	128.84
2466	135.374	156.601	128.821
2467	135.361	156.551	128.793
2468	135.348	156.558	128.784
2469	135.332	156.537	128.769
2470	135.324	156.521	128.763
2471	135.392	156.574	128.817
2472	135.425	156.63	128.852
2473	135.421	156.593	128.83
2474	135.492	156.694	128.902
2475	135.489	156.687	128.9
2476	135.5	156.674	128.906
2477	135.475	156.652	128.887
2478	135.43	156.614	128.848
2479	135.472	156.649	128.884
2480	135.462	156.645	128.879
2481	135.424	156.594	128.844
2482	135.424	156.602	128.847
2483	135.427	156.621	128.853
2484	135.46	156.656	128.888
2485	135.433	156.613	128.863
2486	135.41	156.585	128.842
2487	135.419	156.608	128.852
2488	135.441	156.617	128.868
2489	135.469	156.651	128.897
2490	135.466	156.678	128.897
2491	135.46	156.668	128.895
2492	135.451	156.663	128.888
2493	135.464	156.681	128.904
2494	135.545	156.797	128.985
2495	135.609	156.893	129.05
2496	135.608	156.873	129.041
2497	135.607	156.877	129.041
2498	135.572	156.838	129.012
2499	135.616	156.875	129.056
2500	135.635	156.854	129.051
2501	135.64	156.875	129.058
2501	0 0.842243	
2502	135.638	156.857	129.056
2503	135.661	156.818	129.049
2504	135.707	156.863	129.094
2505	135.674	156.844	129.066
2506	135.697	156.837	129.074
2507	135.672	156.774	129.033
2508	135.726	156.836	129.09
2509	135.745	156.872	129.11
2510	135.758	156.846	129.11
2511	135.817	156.943	129.169
2512	135.781	156.897	129.138
2513	135.743	156.86	129.104
2514	135.796	156.914	129.159
2515	135.854	156.953	129.2
2516	135.744	156.814	129.097
2517	135.723	156.793	129.079
2518	135.65	156.722	129.014
2519	135.517	156.556	128.891
2520	135.485	156.507	128.865
2521	135.478	156.517	128.86
2522	135.381	156.419	128.771
2523	135.337	156.355	128.729
2524	135.297	156.288	128.689
2525	135.277	156.261	128.674
2526	135.197	156.165	128.603
2527	135.183	156.14	128.595
2528	135.181	156.146	128.594
2529	135.224	156.167	128.624
2530	135.215	156.148	128.618
2531	135.223	156.161	128.631
2532	135.192	156.133	128.605
2533	135.159	156.095	128.575
2534	135.164	156.101	128.58
2535	135.143	156.062	128.557
2536	135.158	156.085	128.574
2537	135.168	156.107	128.585
2538	135.163	156.126	128.585
2539	135.148	156.112	128.574
2540	135.138	156.105	128.566
2541	135.08	156.034	128.513
2542	135.112	156.057	128.546
2543	135.107	156.062	128.547
2544	135.152	156.132	128.593
2545	135.146	156.116	128.585
2546	135.185	156.186	128.624
2547	135.128	156.154	128.575
2548	135.124	156.159	128.576
2549	135.16	156.241	128.615
2550	135.207	156.335	128.663
2551	135.225	156.358	128.682
2551	0 0.842243	
2552	135.272	156.44	128.732
2553	135.301	156.487	128.765
2554	135.24	156.474	128.713
2555	135.245	156.463	128.714
2556	135.261	156.474	128.732
2557	135.312	156.536	128.785
2558	135.325	156.589	128.803
2559	135.365	156.628	128.846
2560	135.391	156.704	128.873
2561	135.383	156.696	128.868
2562	135.315	156.607	128.809
2563	135.45	156.772	128.942
2564	135.494	156.802	128.978
2565	135.48	156.786	128.968
2566	135.48	156.791	128.972
2567	135.437	156.725	128.932
2568	135.52	156.829	129.015
2569	135.562	156.842	129.044
2570	135.58	156.885	129.063
2571	135.556	156.842	129.043
2572	135.528	156.847	129.019
2573	135.509	156.823	129.004
2574	135.479	156.727	128.944
2575	135.425	156.583	128.847
2576	135.332	156.507	128.761
2577	135.369	156.51	128.778
2578	135.219	156.306	128.625
2579	135.053	156.097	128.469
2580	134.97	156.018	128.394
2581	134.934	155.979	128.366
2582	134.772	155.734	128.183
2583	134.767	155.719	128.177
2584	134.775	155.73	128.19
2585	134.796	155.764	128.213
2586	134.819	155.804	128.238
2587	134.812	155.79	128.232
2588	134.834	155.848	128.258
2589	134.832	155.837	128.259
2590	134.707	155.713	128.146
2591	134.694	155.729	128.137
2592	134.661	155.701	128.109
2593	134.569	155.58	128.023
2594	134.56	155.575	128.017
2595	134.47	155.465	127.933
2596	134.459	155.455	127.925
2597	134.424	155.399	127.892
2598	134.469	155.467	127.939
2599	134.476	155.469	127.948
2600	134.476	155.475	127.949
2601	134.417	155.389	127.891
2601	0 0.843034	
2602	134.417	155.386	127.894
2603	134.351	155.323	127.835
2604	134.363	155.329	127.849
2605	134.368	155.348	127.855
2606	134.366	155.355	127.857
2607	134.307	155.291	127.805
2608	134.27	155.228	127.768
2609	134.229	155.182	127.733
2610	134.185	155.104	127.677
2611	134.202	155.095	127.679
2612	134.197	155.084	127.677
2613	134.198	155.083	127.679
2614	134.081	154.921	127.558
2615	134.082	154.933	127.561
2616	134.076	154.929	127.558
2617	133.99	154.841	127.48
2618	133.97	154.83	127.463
2619	133.999	154.908	127.494
2620	134.004	154.948	127.502
2621	133.998	154.954	127.498
2622	133.993	154.953	127.498
2623	133.973	154.931	127.484
2624	133.942	154.901	127.456
2625	133.871	154.863	127.393
2626	133.911	154.924	127.434
2627	133.951	154.96	127.475
2628	133.941	154.971	127.468
2629	133.969	154.979	127.488
2630	133.997	154.987	127.507
2631	133.999	155.005	127.511
2632	134.007	155.004	127.518
2633	134.025	155.018	127.536
2634	134.037	155.025	127.552
2635	133.954	154.907	127.468
2636	133.864	154.793	127.384
2637	133.882	154.832	127.403
2638	133.872	154.83	127.395
2639	133.915	154.856	127.433
2640	133.854	154.744	127.358
2641	133.808	154.637	127.282
2642	133.775	154.574	127.242
2643	133.764	154.558	127.233
2644	133.795	154.588	127.263
2645	133.789	154.573	127.254
2646	133.789	154.593	127.256
2647	133.698	154.452	127.153
2648	133.616	154.362	127.078
2649	133.484	154.15	126.916
2650	133.442	154.117	126.878
2651	133.318	153.981	126.765
2651	0 0.843658	
2652	133.227	153.886	126.682
2653	133.215	153.862	126.666
2654	133.155	153.758	126.589
2655	133.094	153.619	126.482
2656	133.027	153.489	126.386
2657	133.008	153.436	126.348
2658	132.935	153.329	126.269
2659	132.932	153.313	126.26
2660	132.9	153.275	126.231
2661	132.889	153.251	126.216
2662	132.885	153.236	126.207
2663	132.861	153.19	126.177
2664	132.822	153.087	126.103
2665	132.795	153.049	126.076
2666	132.71	152.93	125.989
2667	132.517	152.658	125.782
2668	132.512	152.644	125.774
2669	132.497	152.629	125.763
2670	132.497	152.641	125.768
2671	132.336	152.381	125.573
2672	132.278	152.262	125.484
2673	132.255	152.24	125.464
2674	132.137	152.061	125.333
2675	132.187	152.057	125.348
2676	132.244	152.153	125.405
2677	132.24	152.149	125.403
2678	132.242	152.147	125.404
2679	132.241	152.153	125.406
2680	132.262	152.182	125.43
2681	132.308	152.263	125.478
2682	132.35	152.338	125.523
2683	132.383	152.376	125.555
2684	132.359	152.328	125.527
2685	132.288	152.2	125.436
2686	132.276	152.181	125.427
2687	132.223	152.114	125.381
2688	132.2	152.072	125.357
2689	132.19	152.052	125.346
2690	132.219	152.078	125.377
2691	132.257	152.12	125.418
2692	132.17	152.033	125.34
2693	132.16	152.014	125.333
2694	132.074	151.908	125.254
2695	132.044	151.882	125.229
2696	131.98	151.803	125.175
2697	131.987	151.802	125.181
2698	131.992	151.806	125.189
2699	131.913	151.674	125.1
2700	131.852	151.605	125.044
2701	131.769	151.502	124.966
2701	0 0.844137	
2702	131.735	151.472	124.936
2703	131.81	151.59	125.011
2704	131.77	151.548	124.977
2705	131.783	151.576	124.99
2706	131.77	151.532	124.966
2707	131.74	151.44	124.908
2708	131.703	151.414	124.875
2709	131.626	151.307	124.797
2710	131.585	151.275	124.763
2711	131.559	151.259	124.741
2712	131.565	151.257	124.749
2713	131.454	151.115	124.641
2714	131.455	151.113	124.645
2715	131.349	150.966	124.533
2716	131.198	150.768	124.389
2717	131.143	150.705	124.339
2718	130.937	150.413	124.119
2719	130.812	150.257	124.003
2720	130.694	150.108	123.894
2721	130.584	149.972	123.79
2722	130.588	149.981	123.796
2723	130.502	149.881	123.718
2724	130.463	149.838	123.685
2725	130.407	149.778	123.636
2726	130.428	149.815	123.66
2727	130.452	149.84	123.685
2728	130.459	149.835	123.688
2729	130.442	149.819	123.675
2730	130.465	149.862	123.699
2731	130.462	149.87	123.699
2732	130.334	149.736	123.582
2733	130.257	149.627	123.504
2734	130.2	149.55	123.453
2735	130.149	149.446	123.384
2736	130.105	149.404	123.346
2737	130.051	149.348	123.297
2738	130.078	149.38	123.328
2739	130.144	149.444	123.39
2740	130.172	149.44	123.402
2741	130.018	149.227	123.239
2742	129.957	149.148	123.181
2743	129.92	149.078	123.134
2744	129.942	149.115	123.158
2745	129.91	149.105	123.131
2746	129.847	149.029	123.073
2747	129.813	148.985	123.042
2748	129.76	148.987	122.995
2749	129.743	148.984	122.983
2750	129.743	148.985	122.986
2751	129.735	148.954	122.97
2751	0 0.844547	
2752	129.731	148.978	122.969
2753	129.726	148.948	122.952
2754	129.718	148.936	122.946
2755	129.731	148.948	122.961
2756	129.615	148.809	122.854
2757	129.621	148.808	122.857
2758	129.633	148.824	122.869
2759	129.615	148.797	122.852
2760	129.601	148.776	122.841
2761	129.68	148.856	122.915
2762	129.715	148.889	122.949
2763	129.718	148.889	122.953
2764	129.715	148.848	122.928
2765	129.774	148.923	122.987
2766	129.819	149	123.033
2767	129.771	148.933	122.988
2768	129.758	148.923	122.979
2769	129.762	148.901	122.975
2770	129.769	148.904	122.983
2771	129.774	148.854	122.96
2772	129.783	148.878	122.971
2773	129.808	148.889	122.991
2774	129.757	148.815	122.94
2775	129.749	148.8	122.936
2776	129.752	148.777	122.931
2777	129.729	148.748	122.912
2778	129.7	148.711	122.889
2779	129.697	148.713	122.889
2780	129.704	148.721	122.896
2781	129.742	148.749	122.928
2782	129.73	148.775	122.921
2783	129.745	148.782	122.934
2784	129.776	148.794	122.956
2785	129.781	148.8	122.963
2786	129.886	148.895	123.054
2787	129.914	148.94	123.084
2788	129.953	148.963	123.115
2789	129.959	148.997	123.123
2790	130.011	149.032	123.16
2791	130.066	149.098	123.217
2792	130.049	149.085	123.204
2793	130.055	149.091	123.21
2794	130.07	149.097	123.223
2795	130.09	149.103	123.238
2796	130.097	149.089	123.236
2797	130.098	149.107	123.239
2798	130.106	149.121	123.249
2799	130.115	149.136	123.259
2800	130.136	149.163	123.281
2801	130.131	149.16	123.28
2801	0 0.844086	
2802	130.182	149.214	123.33
2803	130.183	149.231	123.334
2804	130.165	149.222	123.318
2805	130.177	149.253	123.332
2806	130.176	149.252	123.333
2807	130.217	149.286	123.372
2808	130.248	149.328	123.405
2809	130.25	149.34	123.408
2810	130.263	149.356	123.424
2811	130.29	149.387	123.454
2812	130.253	149.347	123.421
2813	130.224	149.288	123.381
2814	130.267	149.341	123.425
2815	130.304	149.388	123.463
2816	130.305	149.397	123.467
2817	130.293	149.374	123.454
2818	130.337	149.445	123.5
2819	130.333	149.457	123.5
2820	130.323	149.442	123.49
2821	130.17	149.239	123.339
2822	130.07	149.123	123.246
2823	130.058	149.109	123.237
2824	129.883	148.895	123.074
2825	129.805	148.804	123.002
2826	129.856	148.847	123.046
2827	129.721	148.693	122.921
2828	129.795	148.76	122.989
2829	129.777	148.723	122.963
2830	129.757	148.724	122.948
2831	129.769	148.743	122.962
2832	129.757	148.729	122.952
2833	129.786	148.766	122.984
2834	129.833	148.846	123.033
2835	129.875	148.886	123.079
2836	129.861	148.867	123.067
2837	129.901	148.898	123.104
2838	129.931	148.904	123.121
2839	129.95	148.909	123.136
2840	129.985	148.99	123.173
2841	130.051	149.094	123.241
2842	130.052	149.106	123.245
2843	130.098	149.164	123.291
2844	130.098	149.163	123.295
2845	130.046	149.115	123.249
2846	130.104	149.172	123.307
2847	130.166	149.241	123.37
2848	130.23	149.318	123.435
2849	130.23	149.279	123.417
2850	130.259	149.31	123.448
2851	130.272	149.323	123.462
2851	0 0.844091	
2852	130.253	149.283	123.444
2853	130.251	149.293	123.445
2854	130.24	149.291	123.436
2855	130.264	149.306	123.463
2856	130.322	149.336	123.505
2857	130.286	149.284	123.476
2858	130.294	149.303	123.487
2859	130.302	149.332	123.498
2860	130.34	149.402	123.538
2861	130.307	149.358	123.51
2862	130.284	149.3	123.472
2863	130.258	149.258	123.443
2864	130.248	149.242	123.436
2865	130.213	149.211	123.405
2866	130.158	149.149	123.357
2867	130.136	149.124	123.338
2868	130.067	149.031	123.272
2869	130.063	149.043	123.271
2870	130.032	149.005	123.243
2871	130.051	149.038	123.264
2872	130.063	148.998	123.247
2873	130.076	149.028	123.261
2874	129.971	148.891	123.162
2875	129.976	148.892	123.166
2876	129.925	148.828	123.12
2877	129.917	148.798	123.106
2878	129.883	148.764	123.076
2879	129.835	148.711	123.034
2880	129.848	148.738	123.05
2881	129.86	148.751	123.064
2882	129.802	148.676	123.012
2883	129.78	148.641	122.992
2884	129.792	148.662	123.006
2885	129.827	148.708	123.041
2886	129.827	148.719	123.042
2887	129.811	148.703	123.03
2888	129.799	148.691	123.02
2889	129.78	148.679	123.004
2890	129.75	148.645	122.978
2891	129.733	148.641	122.964
2892	129.694	148.592	122.927
2893	129.674	148.531	122.887
2894	129.637	148.477	122.849
2895	129.623	148.472	122.839
2896	129.597	148.442	122.816
2897	129.572	148.416	122.795
2898	129.554	148.388	122.779
2899	129.564	148.407	122.792
2900	129.579	148.434	122.808
2901	129.576	148.448	122.808
2901	0 0.844819	
2902	129.606	148.465	122.829
2903	129.591	148.456	122.818
2904	129.607	148.487	122.835
2905	129.581	148.489	122.814
2906	129.529	148.432	122.767
2907	129.521	148.46	122.763
2908	129.521	148.47	122.765
2909	129.51	148.466	122.757
2910	129.44	148.392	122.694
2911	129.44	148.397	122.694
2912	129.436	148.37	122.682
2913	129.436	148.366	122.681
2914	129.42	148.33	122.655
2915	129.391	148.212	122.565
2916	129.351	148.14	122.511
2917	129.311	148.026	122.423
2918	129.281	147.97	122.383
2919	129.265	147.946	122.366
2920	129.162	147.736	122.203
2921	129.134	147.7	122.176
2922	129.065	147.57	122.076
2923	129.009	147.449	121.986
2924	128.925	147.302	121.872
2925	128.921	147.253	121.836
2926	128.898	147.223	121.814
2927	128.827	147.101	121.721
2928	128.775	147.038	121.672
2929	128.723	146.945	121.602
2930	128.534	146.538	121.286
2931	128.42	146.314	121.113
2932	128.412	146.143	120.982
2933	128.294	145.909	120.8
2934	128.266	145.86	120.764
2935	128.23	145.726	120.661
2936	128.193	145.559	120.535
2937	128.127	145.457	120.457
2938	127.927	145.044	120.137
2939	127.858	144.862	119.997
2940	127.769	144.683	119.858
2941	127.687	144.565	119.77
2942	127.628	144.441	119.674
2943	127.451	144.147	119.446
2944	127.4	143.982	119.318
2945	127.321	143.897	119.247
2946	127.3	143.859	119.219
2947	127.172	143.592	119.013
2948	127.15	143.554	118.985
2949	127.106	143.495	118.941
2950	127.02	143.343	118.823
2951	127.007	143.308	118.804
2951	0 0.843934	
2952	127.022	143.31	118.815
2953	127.021	143.307	118.819
2954	126.949	143.252	118.756
2955	127.013	143.302	118.81
2956	127	143.283	118.799
2957	127.001	143.29	118.803
2958	126.944	143.222	118.754
2959	126.937	143.205	118.75
2960	126.828	143.077	118.65
2961	126.833	143.076	118.657
2962	126.76	142.972	118.58
2963	126.671	142.875	118.501
2964	126.692	142.911	118.524
2965	126.71	142.936	118.544
2966	126.67	142.836	118.475
2967	126.64	142.801	118.448
2968	126.546	142.692	118.365
2969	126.539	142.653	118.343
2970	126.504	142.6	118.314
2971	126.498	142.595	118.311
2972	126.505	142.584	118.314
2973	126.519	142.593	118.329
2974	126.492	142.57	118.308
2975	126.334	142.386	118.167
2976	126.235	142.262	118.071
2977	126.227	142.25	118.068
2978	126.191	142.226	118.038
2979	126.114	142.133	117.969
2980	126.118	142.152	117.977
2981	126.092	142.12	117.956
2982	125.978	141.988	117.855
2983	125.991	142.05	117.871
2984	125.958	142.012	117.844
2985	125.978	142.031	117.863
2986	125.964	142.021	117.854
2987	125.953	142.01	117.845
2988	125.995	142.067	117.889
2989	126.045	142.094	117.918
2990	126.086	142.111	117.949
2991	126.104	142.145	117.97
2992	126.142	142.172	118.008
2993	126.201	142.227	118.064
2994	126.194	142.237	118.062
2995	126.177	142.22	118.048
2996	126.216	142.284	118.088
2997	126.255	142.348	118.129
2998	126.293	142.399	118.169
2999	126.284	142.397	118.162
3000	126.279	142.404	118.161
3001	126.266	142.415	118.152
3001	0 0.844948	
3002	126.262	142.407	118.149
3003	126.274	142.426	118.164
3004	126.256	142.41	118.149
3005	126.338	142.506	118.231
3006	126.334	142.502	118.229
3007	126.363	142.517	118.247
3008	126.382	142.541	118.268
3009	126.404	142.586	118.294
3010	126.419	142.636	118.311
3011	126.462	142.658	118.34
3012	126.511	142.727	118.389
3013	126.542	142.773	118.421
3014	126.54	142.771	118.42
3015	126.569	142.811	118.451
3016	126.609	142.844	118.49
3017	126.631	142.875	118.511
3018	126.606	142.839	118.488
3019	126.537	142.749	118.423
3020	126.499	142.687	118.378
3021	126.579	142.769	118.455
3022	126.584	142.794	118.462
3023	126.573	142.761	118.446
3024	126.56	142.741	118.436
3025	126.529	142.703	118.413
3026	126.511	142.689	118.402
3027	126.499	142.68	118.392
3028	126.488	142.638	118.37
3029	126.489	142.629	118.372
3030	126.478	142.618	118.365
3031	126.481	142.621	118.37
3032	126.449	142.595	118.344
3033	126.447	142.584	118.342
3034	126.449	142.583	118.343
3035	126.46	142.568	118.345
3036	126.402	142.503	118.294
3037	126.42	142.523	118.313
3038	126.436	142.532	118.329
3039	126.443	142.543	118.338
3040	126.414	142.479	118.294
3041	126.42	142.491	118.304
3042	126.439	142.506	118.325
3043	126.441	142.504	118.325
3044	126.475	142.518	118.346
3045	126.429	142.449	118.294
3046	126.398	142.424	118.27
3047	126.368	142.409	118.247
3048	126.435	142.501	118.312
3049	126.453	142.512	118.331
3050	126.451	142.514	118.332
3051	126.432	142.505	118.317
3051	0 0.844894	
3052	126.42	142.5	118.308
3053	126.409	142.482	118.298
3054	126.428	142.495	118.316
3055	126.424	142.489	118.314
3056	126.387	142.421	118.27
3057	126.399	142.44	118.284
3058	126.406	142.443	118.289
3059	126.403	142.423	118.28
3060	126.352	142.343	118.221
3061	126.41	142.408	118.279
3062	126.441	142.431	118.307
3063	126.471	142.462	118.337
3064	126.472	142.475	118.341
3065	126.515	142.539	118.384
3066	126.514	142.55	118.386
3067	126.518	142.551	118.389
3068	126.514	142.542	118.384
3069	126.489	142.502	118.357
3070	126.476	142.49	118.349
3071	126.441	142.467	118.321
3072	126.431	142.456	118.313
3073	126.415	142.447	118.301
3074	126.38	142.417	118.273
3075	126.393	142.432	118.289
3076	126.4	142.433	118.292
3077	126.392	142.395	118.279
3078	126.378	142.373	118.268
3079	126.377	142.378	118.27
3080	126.379	142.409	118.274
3081	126.41	142.455	118.307
3082	126.402	142.425	118.293
3083	126.363	142.377	118.263
3084	126.329	142.349	118.234
3085	126.224	142.223	118.141
3086	126.149	142.103	118.053
3087	126.076	142.013	117.985
3088	126.036	141.969	117.951
3089	125.994	141.919	117.913
3090	125.985	141.878	117.887
3091	125.974	141.85	117.879
3092	125.885	141.765	117.801
3093	125.878	141.74	117.785
3094	125.856	141.671	117.738
3095	125.803	141.617	117.693
3096	125.709	141.503	117.605
3097	125.705	141.51	117.606
3098	125.685	141.476	117.588
3099	125.656	141.475	117.566
3100	125.643	141.472	117.556
3101	125.699	141.548	117.613
3101	0 0.845844	
3102	125.774	141.637	117.689
3103	125.795	141.664	117.712
3104	125.787	141.652	117.705
3105	125.772	141.63	117.696
3106	125.797	141.658	117.723
3107	125.837	141.714	117.764
3108	125.835	141.702	117.767
3109	125.797	141.659	117.734
3110	125.753	141.644	117.696
3111	125.728	141.628	117.676
3112	125.796	141.706	117.746
3113	125.782	141.696	117.735
3114	125.74	141.634	117.697
3115	125.576	141.406	117.522
3116	125.518	141.327	117.464
3117	125.443	141.235	117.394
3118	125.448	141.258	117.401
3119	125.447	141.275	117.404
3120	125.395	141.205	117.356
3121	125.296	141.096	117.268
3122	125.226	141.009	117.202
3123	125.203	140.965	117.172
3124	125.166	140.91	117.137
3125	125.15	140.887	117.124
3126	125.082	140.808	117.064
3127	125.009	140.726	116.999
3128	124.959	140.661	116.956
3129	124.969	140.673	116.967
3130	124.953	140.662	116.955
3131	124.939	140.651	116.945
3132	124.885	140.574	116.89
3133	124.853	140.552	116.862
3134	124.806	140.469	116.803
3135	124.676	140.318	116.686
3136	124.647	140.281	116.66
3137	124.632	140.28	116.647
3138	124.579	140.203	116.592
3139	124.555	140.165	116.565
3140	124.49	140.067	116.498
3141	124.464	140.016	116.465
3142	124.475	140.03	116.478
3143	124.505	140.077	116.509
3144	124.53	140.096	116.535
3145	124.51	140.072	116.518
3146	124.526	140.066	116.522
3147	124.543	140.105	116.54
3148	124.536	140.082	116.529
3149	124.591	140.141	116.582
3150	124.561	140.114	116.556
3151	124.596	140.164	116.592
3151	0 0.846262	
3152	124.585	140.149	116.583
3153	124.589	140.161	116.589
3154	124.606	140.175	116.605
3155	124.647	140.194	116.636
3156	124.648	140.195	116.638
3157	124.663	140.236	116.656
3158	124.666	140.251	116.662
3159	124.684	140.272	116.68
3160	124.685	140.257	116.68
3161	124.695	140.265	116.693
3162	124.7	140.259	116.695
3163	124.672	140.227	116.67
3164	124.637	140.222	116.64
3165	124.666	140.276	116.67
3166	124.663	140.276	116.671
3167	124.693	140.311	116.7
3168	124.696	140.314	116.708
3169	124.664	140.287	116.68
3170	124.67	140.3	116.687
3171	124.664	140.292	116.684
3172	124.662	140.322	116.686
3173	124.683	140.336	116.705
3174	124.716	140.374	116.74
3175	124.73	140.377	116.749
3176	124.723	140.377	116.746
3177	124.704	140.358	116.731
3178	124.683	140.333	116.713
3179	124.691	140.347	116.723
3180	124.687	140.36	116.722
3181	124.729	140.399	116.763
3182	124.767	140.488	116.803
3183	124.808	140.547	116.844
3184	124.841	140.577	116.878
3185	124.877	140.632	116.916
3186	124.863	140.632	116.905
3187	124.909	140.68	116.95
3188	124.937	140.716	116.98
3189	124.874	140.65	116.924
3190	124.925	140.706	116.975
3191	124.938	140.714	116.988
3192	124.964	140.749	117.016
3193	124.97	140.786	117.023
3194	125.003	140.815	117.053
3195	125.01	140.831	117.062
3196	125.012	140.854	117.066
3197	125.02	140.872	117.076
3198	125.059	140.905	117.11
3199	125.067	140.899	117.11
3200	125.049	140.876	117.095
3201	125.065	140.921	117.114
3201	0 0.846445	
3202	125.046	140.903	117.098
3203	125.054	140.917	117.108
3204	125.06	140.929	117.117
3205	125.042	140.913	117.102
3206	125.025	140.891	117.087
3207	125.038	140.891	117.093
3208	125.031	140.877	117.087
3209	125.065	140.925	117.123
3210	125.048	140.912	117.109
3211	125.073	140.904	117.113
3212	125.073	140.935	117.117
3213	125.049	140.907	117.097
3214	125.079	140.943	117.126
3215	125.093	140.981	117.142
3216	125.099	141.009	117.149
3217	125.124	141.051	117.175
3218	125.135	141.061	117.185
3219	125.138	141.087	117.191
3220	125.149	141.102	117.202
3221	125.2	141.155	117.251
3222	125.272	141.207	117.303
3223	125.285	141.229	117.32
3224	125.35	141.27	117.362
3225	125.36	141.298	117.374
3226	125.41	141.371	117.424
3227	125.411	141.359	117.419
3228	125.428	141.373	117.435
3229	125.507	141.475	117.513
3230	125.502	141.471	117.509
3231	125.48	141.454	117.492
3232	125.482	141.456	117.496
3233	125.484	141.463	117.499
3234	125.462	141.441	117.483
3235	125.498	141.472	117.518
3236	125.515	141.462	117.518
3237	125.52	141.479	117.524
3238	125.488	141.432	117.494
3239	125.492	141.473	117.502
3240	125.507	141.484	117.52
3241	125.538	141.516	117.551
3242	125.541	141.51	117.551
3243	125.544	141.517	117.558
3244	125.533	141.511	117.549
3245	125.551	141.538	117.568
3246	125.567	141.552	117.584
3247	125.57	141.553	117.59
3248	125.6	141.576	117.621
3249	125.609	141.574	117.629
3250	125.604	141.574	117.625
3251	125.5	141.45	117.532
3251	0 0.846493	
3252	125.52	141.449	117.542
3253	125.511	141.453	117.536
3254	125.456	141.386	117.485
3255	125.46	141.396	117.491
3256	125.512	141.471	117.544
3257	125.533	141.498	117.565
3258	125.542	141.515	117.576
3259	125.432	141.391	117.477
3260	125.409	141.357	117.452
3261	125.422	141.379	117.466
3262	125.426	141.384	117.474
3263	125.434	141.394	117.482
3264	125.488	141.431	117.526
3265	125.488	141.443	117.53
3266	125.496	141.455	117.539
3267	125.559	141.551	117.603
3268	125.531	141.554	117.581
3269	125.53	141.562	117.583
3270	125.486	141.531	117.546
3271	125.463	141.513	117.528
3272	125.492	141.53	117.556
3273	125.494	141.536	117.56
3274	125.492	141.511	117.547
3275	125.495	141.525	117.551
3276	125.522	141.564	117.579
3277	125.552	141.61	117.611
3278	125.568	141.634	117.628
3279	125.57	141.644	117.632
3280	125.566	141.643	117.63
3281	125.573	141.661	117.64
3282	125.577	141.665	117.645
3283	125.603	141.701	117.672
3284	125.598	141.696	117.669
3285	125.641	141.736	117.709
3286	125.661	141.744	117.724
3287	125.734	141.816	117.795
3288	125.736	141.804	117.795
3289	125.767	141.835	117.827
3290	125.812	141.882	117.871
3291	125.817	141.883	117.878
3292	125.829	141.891	117.891
3293	125.847	141.913	117.911
3294	125.827	141.878	117.892
3295	125.845	141.927	117.912
3296	125.846	141.942	117.917
3297	125.873	141.946	117.93
3298	125.861	141.939	117.921
3299	125.849	141.915	117.906
3300	125.772	141.814	117.833
3301	125.685	141.718	117.755
3301	0 0.846863	
3302	125.653	141.718	117.729
3303	125.584	141.671	117.669
3304	125.593	141.67	117.679
3305	125.566	141.637	117.656
3306	125.522	141.584	117.617
3307	125.51	141.561	117.608
3308	125.5	141.55	117.6
3309	125.498	141.551	117.601
3310	125.494	141.546	117.6
3311	125.459	141.506	117.571
3312	125.367	141.381	117.476
3313	125.398	141.435	117.507
3314	125.342	141.358	117.45
3315	125.274	141.282	117.388
3316	125.234	141.248	117.355
3317	125.188	141.194	117.316
3318	125.176	141.189	117.308
3319	125.23	141.231	117.356
3320	125.208	141.217	117.338
3321	125.18	141.185	117.315
3322	125.182	141.198	117.319
3323	125.138	141.168	117.281
3324	125.134	141.156	117.277
3325	125.138	141.179	117.286
3326	125.144	141.181	117.292
3327	125.134	141.156	117.284
3328	125.139	141.183	117.293
3329	125.133	141.176	117.291
3330	125.117	141.16	117.279
3331	125.149	141.204	117.312
3332	125.176	141.241	117.341
3333	125.186	141.244	117.349
3334	125.215	141.296	117.382
3335	125.222	141.265	117.366
3336	125.267	141.319	117.413
3337	125.285	141.361	117.432
3338	125.261	141.344	117.414
3339	125.246	141.342	117.403
3340	125.173	141.245	117.331
3341	125.19	141.269	117.352
3342	125.196	141.271	117.358
3343	125.195	141.279	117.359
3344	125.206	141.285	117.37
3345	125.182	141.263	117.351
3346	125.129	141.188	117.297
3347	125.132	141.192	117.303
3348	125.127	141.191	117.301
3349	125.132	141.181	117.3
3350	125.116	141.181	117.289
3351	125.134	141.189	117.302
3351	0 0.847272	
3352	125.081	141.115	117.25
3353	125.041	141.066	117.214
3354	125.085	141.111	117.259
3355	125.095	141.137	117.272
3356	125.102	141.154	117.281
3357	125.121	141.182	117.301
3358	125.156	141.226	117.337
3359	125.173	141.244	117.356
3360	125.213	141.334	117.397
3361	125.205	141.324	117.391
3362	125.195	141.333	117.384
3363	125.204	141.341	117.395
3364	125.193	141.331	117.387
3365	125.193	141.31	117.377
3366	125.217	141.346	117.401
3367	125.213	141.357	117.401
3368	125.141	141.278	117.335
3369	125.034	141.121	117.22
0 0.847188	
125.034	141.121	117.22
